Number of vertexes: 100
Adjacency matrix with cost on each edge: 
0 0 43 0 0 93 67 57 49 76 0 0 0 0 13 32 44 1 85 0 29 0 50 25 0 27 0 15 0 27 0 16 80 12 13 0 0 0 25 0 8 0 81 0 0 0 57 0 0 80 0 88 0 0 23 47 0 0 23 0 0 0 0 0 0 0 0 0 40 0 0 31 0 0 0 64 0 48 61 81 0 0 0 0 0 55 53 32 0 23 94 0 85 33 12 0 6 0 0 66 
35 0 0 47 80 19 0 0 81 0 23 0 26 0 0 0 60 73 2 41 39 0 57 60 0 100 24 0 28 93 11 0 0 0 0 74 48 25 0 48 0 0 18 0 9 61 81 0 0 19 98 0 0 1 0 79 0 0 66 0 0 0 0 0 16 0 34 0 0 67 38 0 0 14 0 0 63 0 87 0 6 69 49 0 80 0 0 0 95 16 0 0 30 0 14 24 77 0 37 0 
0 0 0 29 56 0 0 0 83 32 1 69 37 0 0 0 22 28 0 28 85 97 0 0 5 56 44 0 0 0 0 66 60 68 90 72 16 28 29 0 0 84 12 0 0 96 0 0 84 0 86 0 0 27 0 7 0 0 0 44 0 4 0 0 42 85 0 0 29 0 41 15 0 0 0 0 0 0 0 0 0 31 64 77 28 0 89 0 49 0 0 0 18 66 91 53 41 0 0 24 
47 0 0 0 0 79 9 0 0 0 0 16 0 0 52 21 0 0 69 0 16 85 0 77 0 0 0 0 49 0 35 0 0 46 64 77 0 76 0 31 0 0 42 23 35 70 0 19 0 0 75 85 32 17 0 0 61 0 20 62 0 0 48 30 100 76 51 98 28 0 0 34 87 14 54 0 0 0 70 17 7 0 0 0 0 5 13 0 21 99 28 0 38 9 78 0 0 0 0 0 
0 0 0 100 0 0 0 94 0 24 0 99 26 0 0 0 12 0 0 6 0 0 28 23 18 13 33 0 0 62 0 77 0 86 0 94 0 91 0 62 35 35 34 0 58 0 0 23 0 76 0 79 0 0 81 24 0 42 87 0 0 74 0 0 62 33 0 0 0 86 0 79 0 0 0 58 0 0 17 26 0 0 0 0 51 83 0 0 0 0 38 12 0 0 0 0 0 0 81 0 
0 0 0 0 0 0 0 14 0 0 0 56 0 18 0 0 88 66 43 31 0 0 0 0 0 0 45 0 0 55 80 0 25 2 0 65 57 0 7 0 0 0 59 0 75 87 0 24 0 0 11 60 0 19 0 0 0 0 61 0 0 0 0 58 0 0 31 0 42 96 99 87 81 0 0 0 7 0 0 0 26 0 0 42 87 0 58 88 0 49 71 94 0 0 0 7 71 24 0 61 
0 99 0 0 66 68 0 0 80 15 0 0 0 0 0 0 89 76 0 0 0 0 96 89 5 37 62 0 0 77 5 0 53 48 0 0 9 45 0 0 0 0 0 0 0 0 0 0 70 74 0 0 33 0 27 11 0 78 0 0 0 25 55 0 0 0 48 37 0 18 0 71 0 19 0 0 76 0 0 0 0 66 47 0 46 94 49 40 0 21 46 42 0 0 90 0 50 47 90 0 
0 0 0 87 0 0 0 0 39 0 0 0 12 0 37 3 78 0 4 0 75 77 0 0 31 13 0 0 0 31 61 83 0 61 0 0 0 0 0 0 0 72 0 94 3 0 0 35 0 0 0 25 10 0 0 1 0 0 17 0 72 57 52 0 0 0 0 19 30 74 13 0 0 94 0 0 0 0 0 2 70 0 44 0 19 0 0 12 0 62 85 0 0 0 62 0 30 46 42 0 
0 0 0 51 0 0 0 0 0 0 0 29 86 75 0 61 84 74 0 0 18 0 0 0 0 45 0 32 38 10 0 41 0 0 0 0 0 0 0 58 48 0 91 57 0 0 60 0 22 0 0 51 18 0 29 0 0 93 84 94 70 0 67 94 75 35 0 0 24 0 51 0 63 0 14 0 0 58 0 61 9 0 0 0 0 6 6 2 39 0 64 21 1 38 28 84 0 0 95 0 
0 0 0 0 0 3 0 43 60 0 0 0 22 69 0 0 0 59 0 0 0 0 81 0 0 86 79 0 49 43 50 0 0 77 0 0 56 26 40 9 63 55 9 0 0 98 0 0 2 55 50 0 34 64 53 0 0 0 0 0 81 75 0 0 69 18 33 16 49 36 23 0 75 96 0 0 0 0 0 99 65 0 34 71 0 0 83 79 70 0 26 0 50 0 0 64 44 0 38 0 
0 0 0 0 0 0 23 0 85 71 0 64 59 1 99 0 0 0 0 53 4 95 64 0 0 44 1 50 0 96 0 56 31 0 0 13 38 0 33 99 0 97 69 89 0 37 0 12 0 0 0 0 0 0 0 0 38 0 0 0 14 2 40 53 37 47 68 0 62 44 0 0 0 62 0 36 45 47 0 15 51 52 71 0 0 0 0 89 55 57 86 79 0 6 0 27 73 41 0 0 
0 86 0 0 0 0 0 65 0 0 0 0 0 94 60 0 0 0 0 46 91 2 10 0 67 85 0 0 43 35 0 21 0 0 93 0 0 93 0 99 67 70 28 5 63 67 0 0 8 59 0 0 0 0 38 0 75 0 69 32 0 30 55 86 0 0 83 49 94 81 60 5 0 82 67 44 4 0 43 97 91 0 27 0 0 4 0 35 82 0 0 0 44 40 22 41 94 0 0 0 
47 0 0 10 0 35 0 0 0 0 0 55 0 53 0 82 64 8 69 73 0 3 0 54 0 56 0 17 94 38 72 93 94 0 0 90 13 0 0 30 0 0 0 0 45 0 81 76 80 0 0 0 0 0 64 0 83 34 68 44 0 0 77 90 0 45 98 0 37 0 47 79 0 9 0 0 83 0 0 0 74 0 65 0 0 0 0 0 0 66 0 2 0 0 7 90 0 45 0 96 
32 0 0 0 95 0 0 0 0 0 0 0 0 0 63 0 0 0 16 0 0 0 12 25 0 0 22 0 68 41 0 0 0 0 47 0 63 0 57 0 0 0 0 39 0 18 5 26 53 0 0 29 0 0 0 0 0 69 17 79 87 46 93 0 0 75 0 24 8 37 71 0 27 0 36 21 81 76 98 67 81 0 0 0 0 0 3 12 0 9 0 79 0 0 56 87 83 0 0 70 
0 0 0 0 0 67 28 0 69 0 0 0 11 0 0 0 19 71 67 0 0 0 0 0 0 0 42 8 93 0 0 0 0 0 90 42 0 0 36 0 94 6 0 0 26 0 37 12 97 8 0 64 0 68 37 77 0 34 9 8 39 0 99 5 0 35 39 0 0 24 0 44 90 0 7 26 0 0 30 45 88 45 58 79 46 0 84 94 0 59 0 21 0 60 72 42 81 0 0 67 
0 0 0 0 7 0 0 0 0 19 0 0 0 0 11 0 98 0 0 99 0 1 15 0 0 89 77 0 0 71 94 0 28 0 0 0 53 67 0 0 0 7 0 98 0 43 31 0 0 0 0 93 31 0 0 0 0 4 0 43 15 29 10 22 34 23 57 3 54 0 0 0 30 22 28 0 0 30 62 0 0 37 0 6 0 0 92 99 98 0 91 66 0 37 0 0 0 61 68 0 
0 0 0 33 0 0 0 0 0 0 0 41 0 38 0 0 0 97 87 0 40 0 0 63 0 29 65 0 0 0 72 37 60 0 0 0 0 0 59 56 69 80 0 99 0 0 19 93 98 55 0 98 28 52 53 0 0 57 97 80 0 0 0 0 0 10 0 0 10 0 0 41 14 0 59 96 53 0 42 0 77 28 25 61 0 28 38 46 60 1 0 0 2 28 71 0 0 43 0 95 
0 0 0 0 86 0 0 0 0 0 0 25 0 0 0 62 0 0 0 44 0 0 0 0 0 0 60 0 0 0 0 44 27 41 20 4 0 0 53 67 0 0 58 0 0 4 40 43 0 14 57 24 0 40 88 0 0 70 0 70 62 0 0 0 0 0 85 1 38 60 28 0 0 0 93 0 34 0 0 6 82 25 94 0 66 0 0 40 0 0 0 24 62 20 0 0 19 51 5 0 
0 0 51 0 10 0 0 0 34 0 0 58 0 0 0 30 0 0 0 0 69 0 0 0 0 43 0 8 0 37 0 0 83 0 0 61 0 6 98 0 48 0 0 0 0 0 0 0 40 0 0 24 7 0 81 0 0 44 0 41 0 0 13 11 75 0 8 82 0 42 84 0 0 13 30 0 2 83 23 62 0 14 100 0 69 75 24 0 80 35 68 0 0 0 27 56 30 0 48 41 
29 0 0 56 0 0 0 0 0 44 0 0 0 0 83 0 25 0 68 0 76 36 51 0 0 34 44 0 0 65 0 64 0 26 0 82 0 0 89 0 63 0 25 5 45 0 51 0 6 0 36 0 0 73 0 71 38 0 0 0 91 36 44 87 65 83 0 52 100 4 27 0 71 0 30 60 89 0 0 15 0 0 0 26 36 0 0 0 0 0 0 50 0 57 0 61 0 84 1 0 
0 0 0 0 0 8 0 0 0 0 0 0 24 0 81 32 0 60 0 0 0 41 38 20 93 82 92 0 50 75 0 0 0 89 79 46 0 70 0 0 0 0 0 44 0 0 0 0 19 0 0 4 88 57 6 0 0 48 0 87 0 0 95 3 0 0 0 0 0 71 0 0 0 12 0 0 0 0 37 0 98 37 0 48 0 86 0 0 0 43 0 0 0 0 82 100 81 87 0 100 
0 0 0 0 35 14 0 0 22 88 0 0 0 40 0 0 0 0 0 0 0 0 63 0 58 28 0 0 0 0 0 91 0 68 1 0 67 73 0 0 45 0 0 0 0 8 0 0 37 95 18 0 0 76 82 46 33 0 76 67 77 11 24 0 22 42 33 0 0 0 0 0 0 0 11 70 0 85 0 77 0 66 92 53 0 0 0 15 0 0 0 0 14 41 19 0 84 84 0 0 
0 0 11 0 0 2 0 4 0 0 0 0 0 0 91 0 0 43 73 0 0 0 0 0 51 0 77 68 47 0 58 35 18 0 0 65 26 0 88 0 0 0 0 37 0 62 0 0 0 0 40 0 0 58 92 97 68 0 0 78 99 57 0 0 0 0 50 40 0 0 0 64 0 0 0 0 0 75 0 99 0 100 0 27 0 34 0 0 0 41 100 56 0 0 0 0 92 0 50 0 
0 0 0 0 0 0 0 0 2 0 0 0 0 0 0 0 0 19 29 0 0 3 65 0 87 0 0 36 0 70 0 0 10 33 0 6 44 0 0 10 0 42 91 66 0 0 0 0 0 0 0 87 26 0 0 94 96 65 50 92 0 0 85 25 1 0 94 0 0 36 0 11 0 49 0 41 80 0 0 76 0 47 0 0 0 0 41 37 66 42 0 78 0 91 24 0 94 0 33 0 
0 0 0 93 0 16 0 0 0 0 0 0 6 0 25 90 0 43 75 0 0 0 0 0 0 71 0 66 17 0 62 12 53 0 0 58 0 0 0 0 0 46 8 0 34 0 16 33 8 0 12 95 77 99 90 28 0 75 76 0 26 0 0 0 0 0 3 8 95 0 0 27 0 0 0 0 25 0 60 0 57 0 41 67 68 24 8 0 0 23 87 74 83 0 93 0 0 0 0 0 
0 0 0 0 0 0 0 0 0 0 0 0 0 0 66 0 0 62 0 0 0 0 0 31 0 0 0 79 86 1 0 7 5 0 0 40 84 0 0 0 0 0 100 0 58 23 93 0 98 92 92 15 22 0 6 0 34 0 0 0 0 0 0 78 0 0 0 41 73 5 0 61 0 0 0 85 0 79 59 39 18 72 0 46 60 43 0 0 0 18 0 37 0 0 0 58 3 0 0 0 
0 0 0 0 0 0 0 0 40 0 0 0 0 0 0 0 0 0 35 0 0 55 0 0 0 70 0 0 19 71 98 93 0 0 0 43 18 0 89 47 49 0 0 30 0 7 0 47 0 0 0 0 0 85 0 0 0 82 35 0 52 99 0 0 77 0 5 78 0 0 12 79 88 30 0 0 0 0 0 0 0 44 0 2 0 0 0 0 0 0 95 0 0 0 23 0 0 47 0 89 
0 47 74 0 0 4 0 51 0 0 0 78 0 59 0 28 16 0 0 0 0 0 0 0 0 0 10 0 62 0 64 0 15 0 9 0 0 0 0 45 56 0 64 0 0 24 0 0 10 91 0 53 0 0 0 99 0 0 0 0 0 0 0 0 32 0 48 38 0 59 83 80 0 100 0 0 0 13 0 0 52 0 97 0 52 18 0 0 66 0 65 0 97 97 0 0 97 0 0 29 
0 0 30 0 0 0 0 35 0 0 90 0 0 0 0 0 0 0 99 4 0 22 0 0 0 0 0 0 0 86 6 77 0 64 0 32 89 11 0 0 0 48 44 85 86 0 16 41 0 99 0 29 98 0 38 0 89 0 0 0 0 0 0 53 0 0 22 56 0 0 64 41 21 57 27 0 24 74 85 0 66 0 2 0 93 81 36 0 79 0 19 100 60 0 0 0 0 0 83 23 
0 0 0 56 0 0 0 0 0 0 0 0 0 0 0 0 5 0 0 0 0 85 69 0 92 0 0 0 0 0 49 79 0 27 39 0 0 0 0 60 0 45 88 0 0 4 81 45 0 20 0 36 79 0 0 66 9 0 77 0 0 0 20 21 60 77 80 9 0 69 72 0 18 0 96 22 16 0 0 25 0 32 15 63 0 67 56 0 0 0 17 71 85 83 0 0 99 86 84 0 
93 0 0 0 68 0 0 0 25 0 79 0 0 0 0 0 0 60 68 0 39 51 0 27 0 0 0 0 0 0 0 0 0 14 75 33 49 9 0 78 0 0 64 67 0 0 38 0 7 0 80 0 15 17 9 0 0 57 0 31 15 48 41 0 0 56 0 0 0 43 0 22 47 42 0 0 0 73 4 60 84 76 10 50 0 0 4 72 0 0 0 43 0 0 0 0 98 4 13 88 
0 52 0 0 0 0 93 0 0 24 0 0 0 0 4 0 0 0 0 0 81 0 0 8 0 0 0 85 0 0 91 0 72 75 0 0 8 51 89 0 91 0 0 0 58 96 99 0 100 41 40 88 0 0 0 54 0 54 0 0 0 98 0 18 0 70 78 56 38 76 54 39 0 100 0 0 0 0 63 0 19 51 0 30 57 18 0 0 0 0 0 0 7 0 91 0 27 14 0 49 
0 10 0 0 0 0 0 38 0 0 0 0 0 64 0 0 0 0 0 0 73 0 0 0 0 0 50 0 0 0 18 0 0 0 0 30 76 10 0 20 0 0 11 0 59 26 88 96 35 4 0 0 0 0 12 0 67 68 88 74 0 97 1 0 68 0 17 0 39 86 34 0 26 0 16 0 0 100 0 0 22 0 37 91 100 79 0 12 0 0 47 0 39 0 92 42 22 78 9 41 
0 0 0 0 0 0 0 0 62 0 0 0 93 69 44 0 65 0 0 0 0 0 36 0 14 0 0 59 0 0 0 0 26 0 16 0 0 19 57 0 0 95 0 0 52 0 71 0 73 0 83 0 0 0 47 13 0 7 39 69 0 29 51 0 0 58 64 47 0 0 0 0 0 19 0 84 67 34 71 44 46 58 0 0 0 55 87 0 0 0 31 41 0 0 0 0 0 9 63 0 
0 0 0 0 83 1 0 0 0 0 73 0 72 0 0 0 2 0 0 0 0 0 11 0 0 0 0 0 82 0 0 0 81 0 0 28 0 0 97 0 0 0 0 0 33 18 23 45 98 35 100 0 21 34 86 0 15 96 0 37 8 59 13 14 0 0 0 0 61 0 74 39 0 91 75 3 11 9 0 0 5 0 80 0 0 0 0 69 0 0 0 0 49 0 42 68 0 37 8 48 
0 0 0 0 0 0 48 3 18 0 0 0 0 0 0 0 0 0 0 0 0 27 0 0 0 0 0 0 0 95 0 0 0 0 0 0 0 62 0 0 0 0 0 0 77 0 0 2 0 0 53 25 23 14 0 0 0 0 0 0 81 89 0 0 87 5 82 61 5 0 70 47 43 0 80 0 0 0 0 44 22 0 0 0 0 14 0 0 0 0 0 93 76 85 60 0 0 0 75 51 
82 0 0 35 71 0 0 16 97 0 0 0 0 0 37 0 8 0 0 0 0 0 0 0 0 0 0 76 0 0 0 0 0 2 0 57 0 85 0 97 53 0 0 56 0 0 32 0 59 6 97 0 90 0 94 0 0 11 25 89 0 0 97 82 0 0 80 0 61 9 34 0 80 65 55 0 0 0 0 0 90 0 0 72 5 0 0 35 0 0 45 0 0 96 54 1 24 0 96 89 
94 0 0 0 0 19 0 0 0 0 0 0 78 0 83 0 45 63 0 0 0 0 0 40 33 67 40 0 0 0 0 0 0 0 0 0 0 0 13 0 0 0 0 35 34 0 0 0 83 25 49 34 53 0 6 0 46 0 0 93 0 35 27 0 92 0 0 32 89 81 0 0 28 0 25 41 0 98 85 0 93 36 0 0 0 19 18 0 0 0 0 0 80 96 0 7 58 0 83 96 
0 0 0 0 66 0 0 22 0 0 0 83 52 0 0 0 0 0 0 0 0 0 0 66 50 0 0 77 0 0 48 0 0 0 0 0 0 0 0 77 0 56 27 0 0 32 0 0 0 0 75 0 75 0 0 19 60 27 56 0 98 91 9 0 0 0 0 0 36 0 0 0 0 42 0 65 0 66 0 0 0 84 51 43 0 0 0 52 79 4 0 30 47 30 15 37 50 58 0 0 
88 0 0 0 0 58 55 78 0 0 0 0 0 64 45 77 0 0 0 91 0 0 0 0 91 0 0 0 58 0 0 91 0 92 49 86 0 62 0 0 0 39 0 24 30 0 95 0 0 16 0 0 0 0 0 0 0 0 0 94 0 0 27 76 0 68 0 0 0 0 46 10 0 0 0 0 0 10 90 21 0 0 0 18 0 0 93 0 0 64 0 26 76 0 0 0 0 0 29 0 
0 8 0 46 0 0 0 66 0 0 0 0 100 64 0 7 0 68 0 0 84 0 0 0 0 74 0 0 23 54 4 0 0 12 0 0 0 0 0 0 0 0 19 0 89 0 21 0 0 80 0 0 0 0 0 0 26 66 0 5 0 0 0 0 38 0 0 70 34 26 89 64 94 85 45 79 0 0 0 0 32 0 0 0 0 0 95 35 0 0 0 76 32 0 3 92 0 0 29 0 
0 0 0 0 0 9 0 0 0 0 0 0 0 0 0 0 0 1 47 0 23 0 21 0 0 0 24 0 0 0 55 96 0 0 80 0 17 0 0 0 39 0 28 0 0 29 0 0 23 0 0 33 0 78 55 0 42 0 0 38 0 0 0 46 0 0 0 0 0 0 51 0 0 0 0 84 20 6 84 32 0 46 0 0 4 0 0 5 0 0 0 0 0 0 47 0 0 58 0 0 
0 0 0 0 0 0 0 78 0 0 0 0 24 100 56 32 0 0 51 0 0 0 0 0 0 0 3 0 0 0 0 68 0 0 0 28 0 0 0 56 0 0 0 0 0 23 0 0 0 66 90 0 43 0 0 0 0 39 94 100 0 0 68 77 71 68 0 69 64 40 50 0 78 77 84 0 0 0 0 0 0 0 7 0 23 0 0 71 0 21 4 96 0 32 0 0 0 0 85 0 
0 0 0 0 0 0 42 0 0 51 0 0 91 0 0 0 0 0 72 0 0 89 0 0 96 84 0 61 0 0 0 0 0 87 79 68 0 0 0 0 98 0 0 0 51 34 48 0 54 0 16 0 0 48 0 0 52 35 29 67 0 0 0 50 0 0 0 0 0 2 0 4 0 93 0 0 0 0 0 44 52 93 79 0 0 56 83 48 4 96 0 0 65 50 0 0 54 78 0 0 
0 0 0 0 0 0 0 0 0 59 86 0 0 13 0 21 89 11 0 0 0 3 52 10 0 0 9 0 0 0 0 0 0 0 0 0 0 0 93 0 0 60 5 0 0 0 0 28 0 62 0 0 0 15 57 0 95 0 25 0 0 0 0 33 0 66 80 98 0 62 62 0 50 4 0 95 93 0 31 75 0 0 41 76 66 0 0 31 0 0 95 0 0 97 0 82 0 0 0 18 
0 0 0 0 70 0 42 0 89 0 0 0 53 0 14 0 0 0 51 0 26 0 0 0 13 0 0 0 0 0 45 0 0 0 0 51 96 3 0 35 8 0 0 0 93 0 12 33 0 76 0 0 69 61 73 74 60 40 0 0 0 0 83 0 39 54 0 29 0 12 44 0 0 0 74 90 100 90 0 92 92 62 0 0 29 0 21 36 44 60 0 72 28 23 54 0 0 72 0 0 
0 0 0 0 91 59 89 0 0 12 86 62 0 0 0 0 0 0 0 0 0 55 90 0 0 0 95 29 0 0 0 0 0 0 0 0 0 0 55 0 0 0 45 0 0 0 0 0 45 8 57 64 0 0 0 84 15 0 0 17 30 53 57 0 93 0 63 0 83 0 0 0 3 58 0 0 51 3 0 66 35 0 0 0 0 65 0 0 0 64 96 66 40 0 0 34 0 18 33 0 
0 0 0 0 0 0 0 0 27 84 0 48 0 0 0 45 0 0 31 0 65 0 0 83 0 0 0 0 0 0 25 39 0 59 0 0 84 2 0 42 48 0 0 0 0 0 0 0 0 0 62 0 45 21 0 0 0 0 24 0 0 59 50 59 18 95 0 0 3 0 99 11 0 17 89 36 0 36 0 0 0 72 0 40 0 73 92 0 50 78 26 15 0 44 60 94 0 74 4 40 
0 91 0 0 0 34 0 13 0 0 0 0 0 0 0 27 0 25 0 0 0 0 66 16 0 0 0 0 93 89 0 0 0 0 0 31 0 0 0 0 63 0 0 0 94 50 0 30 0 0 95 0 49 0 0 0 99 0 0 92 0 0 39 10 0 0 0 21 73 12 100 0 0 15 0 85 11 0 77 19 98 0 0 0 69 0 0 38 0 40 59 70 29 0 13 0 34 0 0 0 
0 0 0 68 0 63 0 0 0 0 25 0 37 0 0 0 0 0 0 0 0 0 23 0 30 0 43 0 0 0 69 0 0 7 0 69 0 0 15 0 0 27 0 0 0 0 0 0 97 0 17 4 83 10 0 65 0 0 36 84 49 42 25 0 73 19 25 26 0 0 64 4 0 0 0 38 0 44 0 21 0 0 0 17 47 63 0 0 0 68 0 0 0 79 0 0 0 0 69 10 
81 0 0 0 6 0 0 58 0 0 84 67 0 0 0 90 0 0 0 0 0 0 0 58 0 0 0 0 0 0 0 0 87 0 0 0 0 0 0 14 0 0 0 0 72 26 0 0 0 0 0 0 13 0 44 0 0 94 72 0 45 0 0 0 73 0 0 0 0 93 0 0 34 46 13 0 0 0 0 26 14 35 0 0 0 0 21 0 0 0 0 92 35 93 84 0 0 35 0 30 
0 0 3 0 0 0 0 0 0 0 0 0 0 0 0 0 0 0 0 97 0 84 67 0 0 0 83 0 0 0 0 0 10 0 74 0 75 0 31 55 19 0 0 0 7 0 0 63 35 0 80 0 0 0 46 0 0 65 0 78 4 29 77 0 27 54 0 84 0 0 0 44 15 35 81 26 75 0 0 34 49 0 24 26 0 0 0 0 71 53 0 0 64 2 0 68 0 82 37 42 
0 0 55 0 0 20 0 0 0 0 37 46 1 25 61 0 0 0 0 0 0 87 0 0 0 0 0 0 0 0 0 0 0 0 0 0 0 0 0 65 3 33 0 67 0 0 99 0 0 0 0 83 0 67 42 0 10 0 5 0 16 0 0 0 0 78 0 40 0 0 0 0 0 30 88 0 28 0 0 0 0 0 31 25 85 0 56 98 0 0 42 0 25 77 57 91 0 62 0 14 
0 0 0 0 0 0 24 0 45 0 0 0 60 82 0 0 0 0 0 0 0 0 0 0 0 0 0 64 27 76 0 0 49 3 0 0 0 0 0 0 5 0 0 0 0 0 96 0 19 0 0 36 0 0 28 0 42 0 0 0 3 0 0 67 78 0 72 60 89 0 80 63 0 0 39 44 0 98 0 0 0 0 77 53 0 0 0 14 0 0 37 0 0 10 46 0 0 0 89 71 
0 41 11 48 0 0 0 0 0 0 73 0 0 0 0 0 0 0 0 0 0 0 0 41 0 0 0 0 0 0 0 80 0 0 0 0 0 0 0 0 0 0 0 5 0 0 0 96 0 56 0 0 0 0 0 0 0 0 0 98 0 0 0 39 66 19 11 0 0 31 0 1 0 33 0 0 0 42 8 0 2 71 0 0 0 28 20 0 0 78 0 0 0 82 92 90 83 76 0 0 
0 0 0 0 0 0 0 0 30 0 0 0 0 96 0 0 0 0 0 0 0 0 0 0 0 0 88 0 60 0 4 0 74 0 71 55 55 0 0 97 23 0 99 3 43 0 0 54 99 0 0 25 87 0 0 0 0 0 54 0 0 92 0 30 72 0 0 61 0 25 17 0 77 88 58 43 32 87 9 0 0 47 0 0 0 0 0 4 59 0 0 77 0 0 55 0 12 0 68 94 
77 0 17 0 0 39 0 43 0 0 0 0 0 12 0 20 46 28 0 0 7 0 0 0 0 0 70 0 0 0 0 83 0 49 0 0 0 0 0 0 0 0 0 0 0 0 0 9 0 88 0 83 0 0 84 0 0 10 26 85 46 0 0 0 56 80 0 0 0 0 0 0 91 0 0 0 9 0 0 45 0 5 0 0 11 96 0 0 74 47 0 0 48 0 0 76 43 0 70 0 
0 96 0 0 0 0 0 0 0 98 0 61 0 0 0 0 0 0 0 0 0 0 0 0 0 9 0 22 0 27 0 0 0 0 0 96 0 0 0 18 0 0 0 0 0 0 0 37 67 7 0 0 0 0 0 3 0 0 0 24 0 2 75 0 0 75 73 0 14 40 83 59 0 41 0 0 0 0 11 69 0 0 0 0 39 0 48 0 0 25 0 0 58 32 0 74 78 78 0 0 
0 0 0 0 0 0 77 0 0 32 0 0 0 0 0 0 0 0 0 0 80 0 0 0 0 0 0 84 0 0 0 0 0 0 0 55 0 95 0 0 28 0 0 0 0 69 46 0 0 0 0 0 0 35 0 0 0 0 0 0 31 0 0 0 0 0 76 0 44 0 7 36 97 0 42 0 0 22 46 36 0 0 0 0 60 0 97 0 81 32 0 0 68 0 0 0 21 0 0 4 
31 0 0 0 0 71 0 0 0 95 0 0 0 0 0 0 0 0 0 0 0 0 0 0 82 65 58 0 4 0 0 0 0 0 0 13 0 0 0 0 0 0 0 0 7 0 0 27 0 0 0 0 0 0 0 88 0 0 0 0 0 47 0 84 0 82 0 0 0 43 0 0 0 0 37 36 9 74 95 0 47 61 0 0 0 40 55 0 0 0 29 58 0 57 44 0 7 27 0 0 
47 0 0 0 0 0 41 0 0 0 0 25 34 0 0 0 19 0 44 0 0 0 0 0 0 31 0 0 0 77 0 0 0 84 0 0 50 90 0 84 75 0 0 95 0 92 0 0 0 0 0 0 0 0 75 13 0 0 0 80 0 0 52 0 63 0 0 45 59 0 0 0 0 0 0 2 87 96 0 41 0 0 0 55 0 94 12 81 90 0 89 96 0 0 0 73 0 33 0 1 
0 0 0 0 0 21 0 0 34 0 0 0 16 0 0 0 0 11 0 0 80 0 0 0 65 0 0 0 56 40 0 0 0 0 0 0 2 0 0 0 0 0 45 0 0 0 0 0 0 0 0 0 43 61 50 0 52 0 90 0 0 0 0 0 91 28 3 0 0 37 0 0 0 52 80 60 0 0 73 21 0 67 99 0 0 0 99 0 85 0 0 13 88 0 0 91 0 0 0 7 
0 0 13 0 14 0 0 0 0 0 0 0 0 0 0 0 26 0 0 0 0 0 86 0 0 39 25 63 0 0 0 13 0 0 0 0 0 0 0 0 84 0 0 0 47 0 0 0 0 0 21 0 0 0 60 47 0 0 76 0 0 89 0 0 18 64 46 44 41 0 80 0 19 0 4 95 83 57 71 0 0 75 0 0 80 15 59 20 0 20 0 87 0 0 22 36 11 8 63 0 
0 87 77 0 0 0 12 46 0 0 0 0 0 0 0 0 95 0 0 0 0 0 0 0 0 0 38 38 0 0 0 0 35 0 0 89 0 0 23 0 17 0 0 0 0 0 84 0 0 0 12 0 0 0 0 0 94 61 0 0 68 2 41 0 10 91 0 4 0 25 80 8 92 0 0 0 5 0 61 0 46 0 0 39 0 0 0 0 2 42 0 87 46 0 100 0 0 50 0 0 
0 0 0 0 0 0 0 19 0 0 0 0 46 6 15 0 13 0 0 0 78 0 70 0 0 0 0 0 39 0 74 0 0 58 0 0 0 0 0 0 0 0 0 98 72 0 0 0 0 0 0 0 0 0 0 0 0 42 0 0 0 0 0 0 0 0 0 46 0 9 0 0 0 0 68 56 34 11 0 0 87 87 0 0 52 0 57 0 39 0 0 43 22 3 0 20 3 82 0 0 
0 0 0 0 0 45 0 0 0 0 0 63 0 0 0 0 0 0 0 0 0 0 10 0 22 0 0 0 100 0 0 0 0 0 26 0 9 39 0 0 64 34 0 40 0 0 57 0 25 0 0 0 0 0 0 62 0 0 0 0 0 0 0 0 1 0 0 90 0 0 56 0 0 0 0 0 7 77 0 0 0 0 14 2 0 0 0 0 0 61 0 51 0 0 26 0 0 0 18 38 
0 0 0 0 33 0 0 25 0 0 0 0 0 1 0 0 99 0 0 89 34 0 0 0 0 0 0 0 0 0 2 0 0 0 0 0 0 0 0 35 11 9 0 0 0 0 0 0 0 0 85 0 0 0 0 29 67 0 0 16 0 0 0 97 77 0 0 30 0 0 0 0 15 0 0 0 0 32 0 11 48 0 33 27 71 0 7 0 100 0 0 0 4 32 0 64 0 58 76 79 
0 7 31 0 0 0 0 0 42 0 70 0 51 0 16 0 85 0 0 0 73 0 0 56 0 0 0 0 0 0 98 0 0 0 0 0 0 0 0 34 0 0 0 0 0 0 98 15 0 0 1 0 0 0 0 0 0 0 88 0 0 90 0 0 0 0 0 0 17 0 0 94 87 50 82 84 46 0 2 88 19 0 0 0 0 21 0 0 40 14 0 51 0 51 22 7 0 0 16 0 
0 0 0 0 51 0 0 0 0 0 0 0 0 0 48 0 0 0 0 0 84 0 96 0 0 0 56 27 10 8 0 0 0 0 0 0 0 0 0 96 0 0 0 36 0 72 0 0 0 5 92 0 0 0 7 21 5 0 0 0 0 53 0 57 54 59 0 0 0 40 0 0 0 69 0 79 0 85 33 0 45 86 0 0 0 58 0 83 0 49 89 53 0 0 2 0 0 42 95 0 
0 0 0 85 0 0 0 0 18 0 0 0 0 0 0 0 0 0 0 0 0 0 0 0 100 0 0 0 91 0 0 0 0 0 0 49 0 0 51 12 0 70 0 0 0 0 0 28 0 99 0 0 70 78 0 0 0 0 0 0 88 0 0 0 0 44 0 61 0 0 87 95 65 0 70 0 0 0 0 0 0 0 5 81 0 42 0 25 0 88 0 19 0 0 95 52 0 37 32 59 
0 0 0 74 46 0 0 0 0 0 51 0 0 0 0 22 0 0 0 0 0 0 17 93 0 0 0 0 0 0 79 0 0 0 0 0 0 65 0 0 0 0 0 0 0 0 0 0 0 0 0 29 31 0 0 0 37 0 0 55 3 51 0 0 0 0 0 0 0 0 0 0 0 0 9 0 0 0 39 31 79 89 31 30 20 0 0 0 71 24 0 0 0 98 64 0 90 0 43 0 
0 0 0 0 0 0 0 0 41 0 0 0 0 0 0 0 0 0 95 100 47 0 0 0 0 0 0 0 0 0 0 0 0 18 0 0 0 0 0 0 0 44 53 0 0 0 0 0 91 0 80 0 59 0 0 0 22 0 0 78 52 95 84 0 26 0 44 0 0 0 40 0 0 66 9 0 0 0 0 0 55 8 0 0 6 91 40 74 0 0 16 0 0 0 12 4 26 0 21 53 
92 20 0 0 0 0 16 57 0 0 0 0 77 0 0 0 0 19 0 0 0 86 13 39 14 0 0 0 0 0 0 62 0 0 52 0 0 0 0 66 0 0 0 40 0 41 0 8 19 0 0 0 3 68 36 0 0 0 0 14 68 0 0 0 0 79 0 0 0 0 0 97 0 0 49 88 50 0 0 0 13 0 62 44 0 32 0 26 0 0 82 52 99 27 64 0 0 0 0 0 
57 0 0 0 0 0 0 0 55 0 0 0 0 0 19 0 68 27 0 0 0 98 0 0 8 92 0 0 0 0 0 0 10 0 0 54 0 45 0 0 0 0 0 0 0 86 0 0 0 87 0 0 0 0 0 0 0 0 0 0 0 0 0 0 0 0 100 0 0 0 0 0 0 0 13 51 0 44 66 27 63 0 0 0 0 0 89 0 96 17 74 0 0 0 50 3 0 80 0 76 
0 0 74 0 99 67 88 0 0 11 0 0 51 0 0 0 0 0 0 0 15 0 0 0 0 0 0 0 0 0 42 0 0 0 0 0 0 0 0 87 0 51 0 52 76 0 30 0 20 0 0 0 0 0 62 0 6 0 0 0 73 0 0 19 0 91 59 0 0 0 0 0 0 0 0 0 39 0 86 75 0 94 31 7 32 72 0 38 82 0 59 0 0 63 2 44 0 0 0 0 
0 0 0 0 0 69 0 72 7 0 0 0 0 0 0 60 0 0 0 0 0 0 0 0 43 0 0 0 0 0 78 0 96 0 0 77 0 0 0 81 0 0 0 0 0 0 27 0 0 0 58 0 0 0 0 0 0 37 0 0 0 0 0 0 0 0 0 0 0 0 0 76 0 0 0 0 0 0 54 94 0 21 39 35 44 47 76 73 0 0 89 14 0 0 0 16 0 0 0 2 
68 0 0 0 69 0 0 0 0 94 0 0 0 0 0 96 0 0 0 0 71 0 0 0 0 35 0 0 0 0 0 0 66 0 0 78 29 0 0 0 0 0 23 0 0 0 0 0 0 74 69 0 0 39 88 0 0 9 6 0 0 7 0 0 0 0 81 0 93 24 0 36 0 0 0 66 0 75 7 87 0 18 29 25 57 81 0 0 28 91 62 9 84 0 0 0 30 0 7 49 
0 54 0 0 0 6 48 8 0 0 0 0 0 0 0 0 2 0 0 45 9 0 0 44 0 0 0 0 0 0 0 30 0 0 0 0 0 0 0 0 0 0 23 86 0 0 0 0 40 0 98 34 0 0 0 0 7 0 0 0 0 0 0 0 0 0 0 81 0 64 23 19 0 0 52 88 0 0 0 73 3 35 66 0 0 74 98 60 0 0 86 90 83 0 0 0 0 0 74 0 
0 0 30 0 0 0 0 0 44 0 0 0 0 0 0 0 0 40 0 28 0 55 45 0 0 0 0 11 0 0 0 0 0 0 0 26 72 0 0 0 49 0 0 53 0 0 24 69 0 39 44 42 31 0 0 0 52 0 0 0 0 0 0 0 0 79 0 0 0 73 0 3 0 0 0 0 0 0 0 44 33 0 59 0 62 96 33 0 0 21 0 78 29 56 45 54 0 2 0 0 
0 0 0 0 0 0 0 0 0 0 0 0 0 0 0 53 0 0 0 0 0 0 0 0 47 0 0 0 27 0 0 2 0 0 59 0 89 0 36 0 9 0 0 0 0 0 0 27 0 0 0 0 78 0 23 0 0 0 0 18 0 0 0 30 24 0 0 0 0 0 0 0 0 0 0 0 0 0 0 0 0 53 0 0 87 0 0 85 32 94 74 0 20 58 0 65 0 0 42 0 
0 0 97 0 30 0 77 0 0 0 0 0 0 0 0 69 0 0 75 0 0 0 50 95 0 0 52 0 0 0 0 0 0 0 0 0 0 0 0 0 0 0 23 0 0 0 0 55 0 0 0 0 0 0 0 96 2 65 21 0 35 0 0 0 0 0 0 0 0 0 0 0 0 0 0 0 0 0 0 14 0 0 0 16 81 90 57 81 0 0 29 73 0 0 0 0 99 23 27 99 
0 0 0 0 34 73 0 42 0 65 0 69 0 0 0 0 0 0 0 27 0 0 0 0 12 0 0 42 0 0 0 0 0 0 0 55 31 0 0 0 0 0 0 0 0 0 0 0 76 52 0 0 16 0 0 0 0 95 0 0 66 0 0 0 0 4 0 66 0 0 0 0 16 0 0 0 0 0 0 0 89 0 52 0 0 0 0 36 0 55 4 79 65 98 0 0 0 0 83 0 
46 0 0 0 23 76 0 0 0 0 0 0 0 0 0 0 0 0 0 0 57 0 11 0 0 45 0 0 0 0 0 0 0 0 0 23 98 0 0 0 0 31 0 0 0 8 0 7 0 0 0 0 0 0 19 49 0 0 10 0 0 0 0 64 26 0 0 0 0 0 0 6 0 0 0 0 0 0 0 19 0 0 0 0 0 0 0 0 0 28 0 0 59 0 0 27 0 74 0 0 
0 4 0 60 0 0 56 90 0 0 0 0 0 0 0 0 0 0 0 0 0 0 0 0 0 0 0 6 68 0 0 0 0 0 0 16 0 0 0 0 0 0 27 0 0 0 0 0 81 0 0 0 0 0 43 53 0 0 0 0 0 89 0 0 8 0 0 0 0 0 0 21 0 45 0 0 0 18 0 16 0 25 83 0 40 0 33 34 0 0 5 23 0 90 0 14 23 27 0 44 
0 0 0 61 0 0 0 0 0 0 6 0 0 0 0 40 19 0 0 0 0 0 91 44 0 0 94 0 0 0 0 0 0 7 88 32 0 89 0 17 0 0 0 0 0 0 0 20 0 0 19 1 0 0 0 0 0 0 0 0 13 26 0 0 0 49 0 0 0 0 0 0 42 13 0 0 0 0 0 0 0 52 36 0 0 0 0 0 41 33 0 0 0 11 72 0 64 10 10 0 
0 0 82 0 0 0 0 50 0 44 20 0 0 66 77 29 0 0 0 0 0 54 0 0 0 0 0 0 0 0 40 0 0 0 100 0 83 0 90 0 0 0 0 0 0 88 0 0 28 0 52 29 0 46 0 0 0 33 85 0 0 43 0 86 0 0 0 0 0 0 82 0 0 25 0 0 0 0 0 0 0 0 0 80 48 0 0 0 92 63 41 0 0 53 0 0 0 45 19 0 
0 77 0 0 0 0 0 0 0 0 0 35 0 0 0 0 0 40 0 24 91 0 0 0 0 51 0 64 0 0 0 33 1 0 54 16 59 0 43 0 0 0 0 0 0 0 72 0 76 0 0 84 0 0 0 94 3 0 0 0 0 0 0 0 0 0 0 87 95 0 55 0 0 0 33 0 0 0 0 14 0 11 0 0 67 0 0 0 0 36 10 0 0 58 0 0 69 0 0 0 
0 75 75 6 0 0 0 0 0 0 0 0 0 0 0 0 0 0 89 0 0 0 0 0 0 0 0 82 0 37 0 0 0 0 0 0 0 87 0 47 0 0 0 0 0 0 0 0 0 0 98 48 0 0 40 0 0 90 66 0 0 0 0 38 0 0 0 2 0 0 28 0 0 0 0 0 0 0 0 0 0 0 58 0 14 52 0 0 28 0 0 51 98 0 8 0 89 86 8 64 
0 0 0 0 9 98 0 0 0 0 0 0 0 37 42 0 0 0 0 0 78 26 70 0 75 0 98 0 0 0 81 0 0 81 2 6 25 46 0 0 44 96 0 0 41 0 0 0 33 35 35 0 57 0 0 0 0 0 0 0 0 0 99 0 0 0 0 0 0 97 0 91 0 0 0 0 0 0 64 0 65 21 53 0 0 0 87 0 0 0 0 0 52 3 0 0 49 0 41 4 
0 0 53 0 0 0 0 0 0 74 0 3 0 0 0 7 0 96 0 76 0 0 0 0 0 0 39 0 0 0 83 13 47 0 0 72 84 0 0 0 51 27 0 0 18 0 0 0 0 0 19 0 40 0 0 84 0 0 0 50 33 0 0 0 0 0 57 0 0 0 0 45 9 0 10 49 0 3 0 0 97 0 0 0 0 0 0 5 36 0 79 98 0 48 39 0 44 0 0 0 
0 0 20 0 0 0 0 0 0 0 0 0 0 0 90 0 0 0 0 0 0 5 0 34 0 65 0 0 0 0 0 0 0 0 36 0 0 0 69 0 0 0 0 0 0 0 0 0 0 80 91 47 0 0 74 66 0 0 0 0 0 0 32 26 0 52 67 0 0 0 89 0 0 0 0 0 0 0 0 0 0 0 0 0 0 0 0 0 0 0 0 0 61 57 70 0 32 0 0 0 
0 0 74 0 0 0 0 0 0 0 0 66 0 0 0 0 7 0 24 0 0 0 0 0 0 0 0 0 0 0 0 6 7 0 2 0 58 38 0 0 0 87 0 0 0 0 0 0 0 0 0 0 0 0 70 0 89 0 97 0 0 0 0 0 0 0 0 0 0 0 4 0 0 16 41 0 0 0 0 0 0 0 0 0 0 43 59 0 88 0 96 0 0 0 98 0 0 97 25 0 
0 0 0 0 11 0 0 0 0 0 0 0 0 0 0 11 0 0 40 26 48 0 0 66 0 48 99 0 0 0 0 0 0 69 0 0 0 0 0 0 0 0 53 0 0 0 0 83 0 17 0 0 0 0 39 0 0 0 0 0 54 0 0 0 0 60 0 0 33 33 0 5 0 22 0 0 0 0 0 0 38 0 0 4 0 99 0 0 0 23 0 0 0 25 0 0 0 87 0 0 
0 0 0 0 21 61 55 0 0 50 0 0 0 0 0 0 0 0 0 0 54 0 34 0 45 94 0 0 0 0 0 0 0 48 21 0 0 0 0 75 0 100 0 0 0 0 0 0 62 0 0 0 0 0 0 35 0 0 0 0 82 5 0 21 0 0 0 0 0 0 0 0 0 26 0 0 18 19 0 0 0 0 68 0 0 0 0 74 0 0 0 23 0 0 0 0 94 30 0 36 
0 0 0 0 0 93 0 0 0 0 57 0 0 0 0 83 0 80 0 97 0 0 0 0 0 0 0 86 0 38 0 0 0 0 0 0 0 85 0 0 0 0 0 0 68 0 0 0 0 0 0 0 0 0 0 0 0 0 0 0 0 44 0 0 55 0 0 0 0 0 0 0 0 0 0 3 24 0 0 3 0 22 0 0 0 9 11 0 0 0 0 0 78 41 0 9 70 0 0 7 
0 0 0 0 86 0 69 0 0 0 0 0 0 0 0 90 59 60 0 0 0 0 0 42 44 0 0 0 0 0 0 0 0 59 0 63 0 0 0 0 0 0 0 51 0 0 0 0 0 70 0 0 0 0 0 0 0 0 8 30 0 0 0 70 0 0 0 0 91 0 0 0 21 0 0 0 0 92 0 0 0 0 0 0 59 29 0 0 9 37 57 0 0 0 0 0 68 69 0 0 
0 0 0 77 76 0 0 0 95 0 0 0 0 0 0 94 40 0 0 37 0 0 0 0 41 0 23 0 47 0 0 0 0 52 50 29 0 0 0 0 8 0 53 0 4 0 0 74 0 0 13 0 0 76 0 0 0 0 0 0 78 39 0 24 0 0 27 76 0 29 0 0 21 46 48 0 0 57 0 0 0 83 89 0 0 0 0 0 0 0 0 0 35 0 0 0 0 0 0 0 
0 0 36 14 51 0 0 0 67 0 0 0 0 0 24 0 0 0 29 0 0 0 0 69 0 0 0 0 27 0 0 0 0 0 0 42 98 96 0 0 66 0 0 0 66 0 0 0 0 0 0 0 0 0 0 0 0 0 97 0 0 10 0 0 0 73 0 0 0 0 0 85 34 0 82 0 74 0 0 0 0 0 0 0 0 0 52 0 0 0 74 0 0 0 0 0 0 0 61 97 
0 0 34 0 0 0 0 0 0 0 0 87 54 0 49 0 22 0 0 0 0 0 0 0 0 25 0 12 0 0 0 0 0 0 0 0 0 0 0 0 0 32 0 1 0 80 0 0 73 0 0 0 0 0 0 0 0 23 0 0 1 0 0 97 63 0 0 0 0 0 0 0 32 1 0 0 0 0 81 0 0 0 2 0 0 0 3 0 0 0 0 0 0 9 67 87 46 0 0 0 
0 82 0 0 8 0 0 75 0 19 82 51 0 0 0 9 0 68 0 0 0 50 94 95 26 63 0 0 0 7 0 0 0 0 0 0 0 0 0 0 98 90 0 98 0 0 10 0 0 0 0 0 0 0 0 0 0 0 0 0 0 0 0 0 0 0 0 45 99 0 0 0 9 0 22 0 0 0 0 28 0 95 1 0 27 0 20 0 0 0 0 27 95 0 0 40 62 0 89 0 
