Number of vertexes: 167
Adjacency matrix with cost on each edge: 
0 22 0 0 0 33 0 0 83 0 24 0 36 6 81 0 9 83 59 0 11 0 0 41 0 80 0 48 18 100 0 86 0 0 0 63 0 6 0 64 0 87 0 65 0 0 0 0 0 0 0 91 0 0 55 37 0 20 0 67 0 0 84 0 74 98 81 34 0 0 0 52 76 0 0 0 0 0 0 87 0 0 0 53 0 0 33 0 73 0 0 43 84 0 0 82 51 0 0 24 0 0 96 83 0 66 0 0 28 0 0 33 25 0 74 0 9 0 0 82 23 59 0 0 0 22 9 0 46 0 99 7 0 72 96 0 0 60 30 0 65 0 7 57 39 11 0 67 0 0 11 0 0 88 0 62 7 0 0 87 5 0 90 44 43 59 0 
0 0 0 0 0 0 0 87 81 0 0 0 0 43 0 4 0 0 97 0 0 90 16 0 90 14 94 0 0 0 0 0 0 0 0 57 0 0 52 0 0 94 15 0 0 0 0 64 0 0 0 75 0 32 0 0 0 0 0 7 31 2 0 57 56 0 14 12 0 58 0 0 97 0 72 0 0 18 0 0 35 0 0 0 0 0 44 0 28 0 99 92 1 0 38 0 0 58 6 100 0 0 0 0 44 0 5 0 81 52 0 0 48 0 0 0 93 0 0 44 75 0 74 0 75 0 0 16 0 0 82 40 92 0 41 0 0 21 78 45 78 0 48 0 15 99 0 53 58 0 0 4 0 0 71 0 0 11 80 0 99 0 38 15 0 0 0 
83 0 0 96 0 22 0 0 0 63 0 0 0 0 81 92 5 38 35 0 43 17 0 0 0 24 3 0 0 0 97 62 0 17 48 0 83 11 0 0 91 0 0 0 0 0 1 6 0 78 0 98 0 0 0 43 6 64 0 0 0 0 0 91 0 0 0 57 47 0 12 27 34 30 44 94 0 0 0 19 0 76 0 0 0 0 1 0 48 0 25 0 0 10 31 36 0 99 0 0 65 3 0 0 0 0 0 0 58 15 100 0 13 0 0 0 55 0 54 44 21 6 0 21 4 0 0 0 97 0 93 0 17 0 0 0 0 92 0 46 54 41 30 85 0 93 51 0 16 28 0 0 93 0 0 0 8 96 0 20 0 57 78 40 0 0 0 
85 0 0 0 0 0 0 0 45 58 0 13 74 0 56 0 14 0 0 0 0 83 84 71 0 0 81 0 0 0 44 32 16 0 0 45 69 0 99 19 0 0 0 43 0 93 0 0 21 84 0 0 63 0 0 0 55 0 0 41 26 75 66 45 0 51 75 30 57 0 56 72 98 0 71 33 59 0 0 0 85 90 61 0 2 0 56 0 0 0 63 0 87 0 0 17 31 0 8 7 0 0 64 0 14 0 0 58 52 94 40 93 0 24 0 39 0 24 95 7 29 15 0 0 71 0 0 44 83 23 56 0 76 0 15 0 0 14 20 99 24 63 0 0 63 93 3 66 44 21 0 27 0 0 0 0 11 0 39 0 0 0 0 0 0 26 62 
87 0 0 39 0 0 10 0 13 71 0 77 63 96 0 100 0 0 0 8 0 0 0 0 4 20 0 0 20 70 100 0 14 15 0 40 0 5 92 8 84 0 0 0 13 0 1 0 14 0 0 27 0 0 0 0 46 94 0 31 2 0 96 0 0 14 0 0 0 19 0 0 0 0 11 81 95 90 26 91 0 17 0 0 68 60 58 0 0 0 75 87 0 18 0 0 58 0 43 0 0 0 0 0 0 6 72 12 51 83 21 0 40 0 14 0 0 47 0 29 0 78 0 1 0 0 0 0 28 24 38 67 0 0 43 19 0 0 36 0 97 0 31 0 0 47 50 47 0 20 59 10 0 0 0 0 0 48 33 0 0 0 6 47 0 0 45 
0 0 0 91 0 0 78 0 74 0 0 0 16 0 73 0 0 10 16 0 83 0 42 28 56 92 33 77 52 0 0 0 5 0 0 74 93 0 0 0 0 0 30 0 0 30 0 0 12 0 0 0 0 0 83 77 0 0 0 0 2 18 0 0 0 0 0 33 0 87 0 0 26 0 0 0 62 98 0 11 32 0 51 61 0 39 0 32 0 0 82 0 0 50 0 58 15 0 43 0 77 86 54 0 73 52 0 0 55 91 89 0 0 37 0 0 0 60 0 0 0 2 41 7 39 60 0 0 0 69 21 0 26 0 0 0 0 19 0 0 0 0 32 0 99 8 0 61 7 19 0 59 0 88 0 0 0 16 72 0 52 0 26 84 7 0 71 
67 0 0 0 0 0 0 42 88 30 79 62 82 65 26 14 0 0 0 16 0 0 0 0 87 78 0 0 55 0 0 37 58 0 0 0 0 0 0 14 55 0 0 45 0 0 79 81 0 96 0 0 6 49 12 0 65 0 0 82 99 14 82 44 46 0 2 16 95 0 0 0 0 61 0 0 76 62 0 71 0 43 70 91 0 0 60 0 83 86 15 33 77 0 75 83 4 0 64 0 56 5 52 0 88 32 63 54 32 0 22 0 66 65 26 42 0 0 100 0 72 59 8 0 8 0 0 0 87 73 61 0 0 0 0 81 8 0 6 51 0 0 88 0 0 0 37 0 55 0 33 65 0 61 94 0 0 0 78 0 67 0 97 9 61 0 0 
34 0 0 82 11 0 0 0 0 0 21 69 9 14 0 0 69 0 0 0 0 0 0 11 0 0 20 69 0 30 0 6 0 23 0 69 98 99 72 0 6 41 16 0 56 14 0 0 0 38 50 11 0 0 0 30 77 0 0 0 52 0 61 0 11 91 53 0 10 0 0 0 0 0 0 0 77 57 0 2 0 41 0 92 0 35 0 0 3 48 0 33 88 95 0 0 58 52 92 0 64 74 0 24 63 58 0 0 7 0 0 69 17 0 0 0 0 0 26 0 0 0 0 0 0 48 0 0 55 0 0 0 0 87 0 0 0 0 69 15 0 0 24 0 4 63 59 11 0 43 7 0 0 39 0 0 29 0 0 0 67 75 7 97 99 34 20 
0 0 0 0 0 0 0 0 0 0 0 34 76 0 66 0 39 0 5 14 0 79 0 65 0 0 0 0 0 0 0 51 87 88 55 0 33 83 0 0 0 0 0 0 0 22 71 0 0 0 34 52 17 61 0 0 70 0 0 96 0 59 64 0 62 4 6 24 39 64 0 62 0 36 0 0 0 44 0 86 13 0 0 0 0 0 87 16 0 0 78 63 16 90 0 0 92 0 0 0 4 60 62 0 69 81 96 12 0 0 0 0 44 69 0 97 0 25 0 8 0 31 0 63 70 89 7 14 0 0 0 38 26 81 0 48 0 0 55 94 19 0 28 42 0 2 28 0 0 0 0 7 92 80 0 27 0 54 84 0 52 0 79 0 0 0 21 
37 0 0 0 0 90 0 0 0 0 0 29 0 6 4 0 80 0 50 0 0 50 88 15 55 80 0 0 0 0 0 9 0 0 15 0 0 4 0 66 52 0 7 0 32 67 0 0 0 82 0 48 80 63 0 61 39 54 0 18 73 57 65 0 0 0 0 24 3 0 0 55 90 0 0 24 0 0 0 0 0 21 0 0 0 16 0 91 0 0 0 69 83 0 84 18 79 19 0 0 0 0 0 53 0 76 65 94 0 0 0 30 79 0 52 0 60 0 0 82 6 0 79 16 0 62 0 0 0 95 0 0 0 0 50 0 79 61 0 0 0 0 0 0 0 66 0 83 0 90 7 55 74 0 0 40 36 0 42 48 9 50 0 0 10 0 38 
0 0 0 41 0 60 0 0 11 63 0 31 51 0 33 0 63 0 58 51 0 18 43 67 36 92 0 34 14 0 39 0 0 75 62 12 0 0 0 0 0 0 0 0 24 0 0 40 71 0 8 0 0 0 100 0 0 0 0 0 11 0 95 95 0 0 62 85 60 0 0 85 0 21 37 0 57 0 82 79 71 0 66 61 31 0 0 33 0 0 10 0 0 61 0 0 0 0 0 28 0 0 0 0 0 50 58 0 77 11 39 4 75 60 21 0 0 69 90 0 0 0 100 0 0 0 10 4 93 0 93 0 61 0 18 0 91 0 0 72 75 0 0 63 0 0 10 15 0 0 0 0 0 0 10 61 30 61 0 0 0 0 0 91 0 37 3 
0 18 29 0 0 79 0 0 0 0 0 0 0 94 75 31 0 7 0 97 86 0 48 0 44 25 6 28 0 43 39 0 58 77 25 13 49 0 0 52 43 86 49 64 0 0 0 30 0 3 13 0 42 0 0 0 18 84 52 0 0 0 0 0 0 0 30 19 0 89 1 0 58 71 59 7 0 100 4 100 0 0 0 0 0 0 14 0 50 0 0 0 0 16 38 92 51 92 68 0 0 0 0 7 59 26 0 45 6 98 0 39 0 0 52 44 0 0 53 47 59 42 0 0 42 70 100 0 0 58 22 31 0 0 0 0 0 38 0 88 78 74 0 0 0 36 0 0 49 0 43 0 28 26 75 19 37 0 21 0 71 53 60 0 0 0 2 
0 40 0 0 0 0 0 0 0 0 0 0 0 80 33 0 99 48 98 87 0 87 96 33 61 0 36 0 11 0 0 50 0 0 7 0 0 0 0 11 80 13 0 95 0 26 32 85 0 0 9 0 74 85 24 81 38 0 58 0 0 99 0 0 43 0 0 92 0 0 0 0 92 0 0 0 58 0 0 0 0 11 0 0 0 7 0 0 6 0 0 35 2 0 0 48 0 5 33 0 51 0 95 48 0 70 9 7 0 14 42 2 89 26 20 0 9 0 0 0 0 0 16 74 37 0 45 0 0 19 0 0 5 8 2 6 0 48 2 0 13 0 0 18 0 0 0 41 0 18 14 0 87 0 24 0 68 73 84 15 0 0 0 54 23 0 4 
0 0 0 0 0 0 0 0 55 0 0 0 0 0 1 63 13 73 91 0 0 69 0 0 0 12 94 89 29 58 0 0 0 0 81 5 89 0 68 0 0 0 0 0 0 50 0 0 72 65 10 89 93 0 0 45 9 0 0 0 0 91 43 23 31 0 13 0 26 57 4 7 65 0 69 0 0 20 0 17 15 29 0 0 60 44 98 0 0 0 63 0 0 59 19 0 0 0 0 5 0 0 47 0 44 56 0 0 88 0 43 92 0 0 0 38 0 0 0 0 56 0 34 0 0 8 28 0 0 0 99 0 12 0 88 0 0 0 0 32 0 87 92 99 9 22 0 0 0 0 79 0 42 0 0 0 31 4 79 0 0 67 87 0 0 47 0 
0 37 0 0 0 0 0 77 0 0 0 0 0 0 0 23 0 91 70 0 0 0 0 23 52 0 12 0 51 0 0 0 96 62 0 5 0 0 82 0 0 83 100 42 20 0 0 15 98 7 92 0 9 31 0 75 0 0 0 0 0 76 0 0 67 0 0 39 0 58 0 0 0 92 82 39 0 84 74 0 27 0 0 0 0 0 21 0 0 65 0 0 0 0 32 44 6 12 0 0 0 4 0 0 0 0 0 0 99 0 13 0 66 0 39 0 0 0 31 65 0 0 0 0 0 21 0 32 46 77 0 0 90 0 88 0 31 0 98 0 36 0 17 63 24 0 45 2 0 0 17 87 0 26 0 74 83 23 0 80 0 0 82 0 0 0 0 
25 0 0 65 0 0 0 32 3 28 0 0 0 0 0 0 44 0 0 82 90 0 0 0 24 0 92 28 0 65 0 1 0 0 53 0 31 32 0 24 0 61 0 0 0 0 0 0 31 37 2 37 0 81 87 0 0 100 34 33 35 13 3 0 20 44 21 0 0 53 9 0 0 0 19 40 0 72 70 50 0 0 0 10 0 79 0 58 90 54 19 0 6 25 53 99 45 2 51 0 38 0 91 88 37 73 48 34 0 30 47 0 0 0 25 20 0 0 8 0 48 85 0 42 0 0 0 57 97 20 31 0 82 0 0 0 55 60 2 0 41 0 91 74 0 87 0 36 4 0 0 48 99 89 0 0 1 0 0 0 33 35 0 70 0 0 11 
0 61 0 0 0 87 0 0 0 0 0 12 0 0 18 0 0 0 0 0 64 0 0 64 0 0 0 65 17 40 44 54 0 0 11 16 0 0 0 0 18 91 44 0 60 82 0 72 72 0 22 0 23 83 13 16 0 87 0 87 33 0 17 0 0 0 0 18 0 23 0 0 19 0 0 0 56 10 0 0 62 0 0 5 0 0 0 0 15 59 58 0 0 0 0 0 0 30 0 0 0 36 0 25 0 0 29 0 0 0 0 90 0 89 35 7 0 0 38 0 54 0 8 40 24 0 0 0 0 26 64 0 0 76 0 0 26 90 0 0 0 0 58 0 0 0 94 98 96 0 0 0 74 0 0 0 58 32 71 82 56 0 96 0 0 87 46 
0 56 0 49 10 0 86 85 0 0 58 0 0 0 0 0 0 0 68 0 0 73 58 45 0 87 22 14 94 10 0 0 42 0 71 81 0 0 89 66 42 37 46 0 0 60 72 0 0 65 25 0 25 87 95 0 97 0 0 0 83 0 0 21 7 0 0 0 0 0 0 9 0 67 0 0 7 0 0 64 24 0 29 85 0 28 35 0 0 0 0 84 23 0 0 25 0 61 76 0 0 53 0 0 33 77 18 46 0 0 0 4 0 0 56 78 60 0 3 60 15 0 0 0 55 25 47 0 0 36 20 0 26 27 67 81 38 71 64 0 67 12 23 24 73 0 0 38 89 0 0 0 0 0 9 0 0 13 73 93 20 38 0 0 51 64 13 
0 0 0 0 100 0 0 40 0 0 0 39 0 0 0 0 0 0 0 95 0 0 0 0 44 0 3 0 0 96 51 0 0 58 0 0 0 0 0 0 29 0 50 22 0 0 70 0 0 0 0 0 92 0 0 0 81 0 0 0 0 0 0 0 86 18 58 0 59 0 98 66 71 0 0 55 0 36 54 0 48 91 0 87 65 0 91 52 90 0 0 14 0 93 2 0 0 89 73 85 18 0 96 0 0 0 0 0 18 0 0 9 0 0 0 0 30 0 0 0 0 19 14 36 0 0 0 0 92 0 0 0 0 72 62 0 64 86 46 62 0 0 0 19 0 0 0 4 0 0 0 59 0 0 18 0 85 0 81 95 0 0 0 83 0 94 40 
59 72 90 0 0 10 0 0 0 61 0 0 0 0 51 0 36 0 0 0 1 0 50 0 0 81 41 0 0 0 77 63 0 0 0 83 0 27 0 0 63 70 48 26 8 91 22 38 44 0 83 0 0 3 81 67 0 0 0 0 61 17 39 18 23 76 0 0 41 0 7 0 27 0 0 6 21 0 88 42 0 33 49 0 5 4 91 0 33 0 0 46 0 0 8 0 23 0 0 0 23 0 0 25 0 0 0 7 0 0 0 0 0 16 0 29 55 0 0 22 33 0 0 79 4 0 0 10 92 5 69 98 0 37 93 0 0 40 45 0 0 67 51 0 4 41 4 0 0 22 0 32 0 83 99 0 51 0 26 17 0 49 55 0 0 0 0 
0 0 0 6 0 0 74 79 0 89 18 0 37 36 6 0 0 72 0 0 0 0 0 18 6 0 68 0 0 89 0 1 56 11 73 0 4 10 0 0 16 78 0 32 0 0 0 0 0 66 0 22 0 0 13 7 66 0 0 0 90 0 0 68 0 0 47 0 9 0 50 41 0 0 41 16 75 75 79 0 97 0 0 0 0 0 39 4 0 0 31 0 18 0 0 64 0 27 0 0 87 92 90 0 29 42 0 0 99 0 29 0 22 0 33 0 0 0 43 35 86 56 0 36 62 0 0 0 94 40 0 0 0 0 0 0 0 0 11 0 79 0 3 0 0 0 0 99 0 0 75 0 94 0 0 0 0 1 70 100 38 0 0 36 71 0 61 
11 0 0 0 41 0 0 69 0 0 0 0 0 0 0 54 0 0 0 0 0 0 53 93 13 0 0 0 0 24 29 0 0 0 0 0 17 96 0 48 39 52 65 0 0 26 84 0 48 0 0 3 16 0 58 0 0 95 0 2 16 80 40 0 29 85 8 0 93 0 12 0 0 2 49 85 0 0 64 0 15 15 0 90 75 0 32 85 95 80 0 5 22 97 62 40 0 0 65 0 0 88 0 93 10 0 0 13 74 0 31 14 0 0 0 0 0 0 84 74 39 48 72 0 0 77 0 0 92 70 0 81 10 0 0 49 0 0 25 11 12 74 69 58 26 40 0 0 58 89 74 25 0 31 0 0 5 0 0 0 0 0 77 0 0 42 100 
90 0 65 0 0 0 53 6 40 0 0 0 0 0 0 0 51 0 18 0 12 0 0 0 0 66 0 93 0 21 21 89 0 0 18 0 0 0 55 0 0 0 83 14 0 37 4 20 0 47 0 0 0 0 69 0 68 44 45 0 49 0 0 0 0 44 44 46 0 0 80 0 32 0 43 0 0 73 4 43 0 0 17 0 74 0 31 37 35 99 0 68 45 0 0 82 37 0 75 30 0 28 39 79 0 0 0 0 85 47 27 70 0 0 14 29 0 20 9 11 0 47 86 51 9 0 37 0 44 69 0 38 82 11 18 91 0 0 0 87 23 53 0 0 0 71 0 10 98 0 46 79 94 53 58 24 0 0 75 0 41 0 67 0 0 0 0 
0 0 35 0 0 0 1 0 0 0 0 45 0 88 0 7 0 0 0 7 0 0 9 0 89 0 43 31 37 20 46 80 0 0 41 0 0 83 39 36 0 79 0 0 0 0 0 70 53 0 0 64 0 0 65 50 0 0 64 39 0 0 85 0 52 14 0 46 0 31 46 0 0 0 84 28 49 0 0 0 79 0 62 88 0 0 70 10 84 53 72 31 0 0 0 75 48 0 0 5 0 76 0 0 32 0 0 1 0 0 18 9 0 0 25 91 0 0 66 10 58 25 80 0 37 12 0 0 41 65 0 0 0 0 0 86 0 26 0 72 64 0 62 0 78 39 0 64 2 56 0 0 0 0 0 96 57 0 0 0 71 0 35 9 0 0 0 
0 0 0 0 0 0 0 83 9 0 0 0 0 0 0 0 54 8 0 28 0 0 33 0 0 89 0 22 0 77 0 68 0 92 72 75 0 37 91 9 77 0 0 5 32 0 0 22 24 0 100 0 100 0 74 80 91 0 6 0 0 72 0 9 72 0 37 0 69 94 0 0 0 0 88 13 0 0 19 22 0 0 0 0 41 24 98 33 22 46 14 23 0 0 0 0 0 0 80 66 49 82 59 49 16 62 0 0 0 0 34 3 0 63 0 71 0 0 0 28 59 37 92 0 0 40 9 8 0 80 0 0 88 0 0 91 0 66 0 0 0 0 0 82 82 0 0 28 93 0 10 38 0 0 2 55 0 0 0 44 0 0 52 0 0 24 0 
0 0 0 0 0 0 0 10 0 0 0 0 0 0 77 0 24 0 0 0 0 0 0 28 0 0 0 0 0 87 78 83 0 0 49 62 0 0 0 18 0 60 0 95 0 0 94 34 0 3 0 16 49 49 0 13 0 0 41 0 0 0 0 94 42 0 0 0 27 92 3 49 0 0 55 7 0 10 100 78 56 38 90 21 65 91 0 100 0 0 19 0 45 0 98 0 0 79 0 0 33 85 41 0 0 0 0 0 31 0 84 0 0 0 29 79 0 43 0 0 0 30 0 0 0 0 97 93 0 96 93 33 0 93 70 65 0 77 49 0 0 0 0 6 30 0 0 20 0 63 42 0 0 0 100 9 86 0 96 0 17 0 28 78 98 0 0 
0 0 0 0 54 0 0 0 86 0 51 0 0 0 0 0 0 0 0 0 0 0 32 0 0 100 0 70 0 0 7 0 0 26 0 0 0 27 0 91 4 0 0 0 85 0 0 0 41 0 0 75 0 68 0 0 55 0 61 0 0 0 0 45 0 39 0 74 0 69 19 0 45 85 0 96 17 51 0 47 0 18 74 74 68 4 13 0 48 83 59 0 95 0 0 0 0 13 46 0 0 0 8 70 0 79 39 56 0 30 48 76 0 21 16 61 39 0 81 61 0 60 0 78 85 0 15 20 0 97 0 0 0 0 0 20 0 41 34 3 0 22 20 0 15 11 0 45 0 0 66 87 54 0 10 0 4 0 0 0 0 9 35 100 89 0 0 
0 73 68 0 95 0 38 0 0 0 0 0 0 0 1 0 0 0 0 0 2 89 0 0 0 71 0 0 31 65 44 78 95 36 0 59 0 29 81 0 0 49 0 69 0 11 10 32 0 1 0 61 61 0 20 0 0 0 78 0 0 0 0 0 0 75 0 0 0 0 0 69 98 0 0 0 0 95 0 21 0 0 12 61 87 21 0 24 64 80 0 86 69 0 0 56 0 6 0 12 30 100 0 0 0 0 0 99 0 0 0 0 0 0 0 0 0 0 6 23 0 24 0 0 0 60 0 0 38 89 72 0 94 0 91 69 78 2 0 62 0 90 0 0 0 0 6 59 81 0 0 2 8 49 0 63 0 0 0 23 0 33 70 0 9 0 0 
0 82 0 0 0 0 0 20 0 0 0 86 0 0 0 61 0 0 54 51 0 51 0 0 50 16 78 0 0 66 0 30 0 17 0 0 34 0 0 0 0 34 0 0 54 0 0 16 41 64 8 89 65 0 40 93 43 0 0 0 0 88 76 81 0 0 0 51 80 0 0 33 75 96 0 0 0 0 22 0 9 0 0 0 0 0 0 21 0 7 46 0 0 0 0 0 0 0 90 0 0 0 0 88 51 93 60 9 0 0 0 31 0 0 0 0 0 0 61 29 0 0 0 0 0 71 0 0 32 0 96 0 0 0 63 59 0 0 0 44 0 0 0 0 0 35 71 0 48 26 0 0 66 13 0 3 16 0 93 0 0 27 48 97 0 9 0 
0 0 82 0 0 13 54 0 47 0 0 0 0 0 0 0 0 0 0 0 0 0 0 0 0 0 0 0 0 0 0 0 9 42 74 0 0 0 79 0 4 60 68 22 0 0 0 48 44 0 77 5 17 0 27 0 76 3 0 0 13 91 73 0 29 0 0 0 41 0 0 74 0 99 11 22 0 26 40 0 0 41 25 1 0 0 0 44 0 67 77 31 0 0 0 0 0 77 0 0 17 49 0 76 53 76 86 0 48 98 0 0 0 6 50 0 4 100 15 18 61 0 17 0 0 0 69 0 54 83 0 89 62 0 4 0 48 86 0 39 0 0 10 0 0 64 0 0 8 47 0 57 0 60 0 0 0 75 49 48 0 70 18 44 0 0 94 
0 0 0 0 0 74 87 83 59 71 0 0 0 90 52 0 0 50 0 0 56 0 0 0 0 0 0 0 79 0 0 0 51 0 83 30 56 94 67 0 73 60 0 0 96 0 0 0 70 40 61 0 90 0 0 0 64 0 70 0 34 55 60 55 54 82 50 0 0 0 0 24 67 0 28 0 0 24 16 0 0 0 30 0 0 0 1 29 18 0 0 0 0 72 0 30 0 0 74 0 0 0 0 35 7 0 48 0 71 0 0 26 0 0 0 95 55 29 56 0 9 0 68 26 37 0 0 32 40 0 0 0 70 0 0 24 0 0 0 48 45 93 0 21 77 100 7 80 0 0 0 3 0 0 0 0 28 0 0 50 24 45 0 0 63 0 0 
0 77 0 0 0 0 0 0 0 0 0 99 0 77 83 0 0 28 1 0 0 91 0 0 0 0 6 0 0 0 0 0 0 77 65 54 0 40 0 0 92 0 19 10 0 45 4 0 36 92 61 29 28 0 71 6 0 65 49 0 0 82 80 63 0 0 0 99 87 72 0 49 79 54 15 0 0 0 26 86 4 2 0 0 0 77 0 100 0 16 87 62 73 0 0 0 0 47 0 0 91 96 0 1 96 61 27 0 64 0 90 70 17 74 95 14 9 62 59 0 3 9 0 0 0 0 0 71 66 0 0 0 0 69 30 0 0 27 38 0 4 20 0 0 93 0 0 0 22 0 1 0 6 81 60 95 0 22 0 0 74 71 42 0 80 0 86 
13 0 89 0 0 0 0 5 0 65 82 0 0 21 0 90 0 0 58 66 0 0 44 0 52 0 0 0 0 0 0 0 0 0 0 0 40 0 72 0 75 83 0 60 73 91 82 0 0 0 0 10 0 22 0 0 13 0 19 0 0 0 0 67 86 39 30 74 23 0 93 19 66 0 0 71 10 0 30 29 0 0 95 26 0 0 24 60 86 33 0 0 25 0 90 0 0 22 65 32 32 68 0 0 44 26 69 0 0 7 0 0 67 0 0 51 67 46 71 14 59 50 48 0 99 45 0 0 0 0 19 0 78 97 95 80 0 0 50 0 0 0 33 44 0 0 0 79 60 0 36 0 0 59 0 55 0 0 0 10 0 39 59 31 0 13 91 
0 20 0 0 0 0 0 0 0 23 0 0 72 0 0 0 72 0 0 6 0 0 0 45 0 16 0 0 0 0 0 0 0 0 0 66 0 25 20 0 77 73 0 0 58 62 50 95 0 46 0 0 0 0 8 69 84 99 0 0 78 0 78 0 0 0 0 0 56 0 0 0 0 0 53 40 0 0 0 0 0 49 0 24 63 0 69 0 0 91 0 57 6 3 0 0 0 0 0 63 0 0 24 0 0 0 81 69 0 87 28 69 0 68 74 0 0 12 99 0 0 0 0 0 0 0 0 11 18 84 47 0 6 53 62 0 23 31 46 0 0 0 93 0 89 35 100 11 0 20 41 0 45 0 0 16 1 0 30 11 52 93 28 0 49 0 76 
0 35 0 0 100 37 48 0 0 0 0 0 0 0 0 0 0 0 8 10 0 33 0 0 0 0 54 80 0 0 0 0 0 61 0 13 61 0 38 80 22 1 58 80 0 20 0 0 0 78 59 0 26 0 8 0 0 32 13 0 72 23 33 0 46 84 0 0 18 57 0 44 0 0 2 12 0 0 88 49 78 79 0 0 4 0 0 0 0 0 0 92 0 0 42 0 0 99 0 78 0 0 0 30 0 0 34 68 56 19 55 50 0 0 0 29 0 66 0 0 0 68 63 28 3 58 81 24 0 0 90 29 62 34 0 25 0 0 79 93 71 0 89 92 0 89 0 42 34 0 56 80 17 39 10 0 13 0 0 33 0 0 0 0 21 0 6 
0 0 0 0 0 0 55 0 0 0 0 0 0 0 0 0 0 0 28 0 0 41 44 0 0 0 53 0 100 0 0 0 33 0 0 0 10 0 68 83 73 0 0 0 0 19 56 67 0 0 73 0 0 22 47 20 0 28 71 69 81 0 81 0 26 38 0 0 0 48 0 71 42 97 31 0 76 0 0 0 0 80 0 85 81 92 0 0 0 91 60 94 0 95 68 41 0 0 43 0 0 0 0 0 0 0 0 0 0 0 0 84 89 0 3 0 0 6 0 82 0 87 0 40 37 0 84 100 0 88 83 0 24 3 0 0 34 0 0 0 16 63 0 0 0 26 62 0 0 82 0 0 0 9 61 0 39 67 0 0 0 0 0 74 58 14 2 
0 0 0 0 52 0 91 0 0 0 96 0 0 0 0 0 46 44 3 0 0 0 0 0 0 96 0 18 0 0 0 32 0 0 0 0 0 52 0 0 0 34 95 11 48 0 45 99 0 83 0 0 0 72 0 37 0 0 0 2 45 60 0 0 0 0 88 25 46 0 0 93 24 0 0 3 0 26 54 0 0 10 55 0 0 0 0 0 0 0 32 0 87 0 97 0 0 93 0 64 0 43 56 76 0 0 5 23 0 78 0 0 66 0 16 50 70 25 10 63 97 28 1 0 0 51 86 0 15 0 18 0 49 0 3 49 0 0 0 15 78 57 0 92 28 20 0 33 0 0 16 0 0 77 83 99 69 42 95 5 0 0 61 92 0 72 0 
0 0 0 0 0 97 72 0 0 0 0 51 0 90 67 0 79 57 0 0 0 0 0 0 0 52 0 0 20 0 0 0 18 0 0 0 0 0 95 0 0 0 23 64 13 44 0 0 0 0 0 64 15 0 11 0 0 37 0 3 84 0 50 61 0 0 0 68 0 0 0 0 0 82 52 82 67 0 0 60 0 0 60 48 0 0 0 93 0 0 0 0 28 0 44 0 72 0 0 88 0 96 0 97 0 46 0 0 0 83 0 32 0 0 94 84 0 0 0 77 0 22 0 0 0 0 53 14 0 33 97 0 68 0 0 0 0 0 29 0 0 0 0 0 35 0 87 0 43 23 70 64 0 27 0 0 67 55 64 72 0 0 0 0 96 0 41 
0 0 0 0 0 0 0 0 17 0 0 19 0 0 0 0 0 0 81 43 33 0 0 0 0 0 0 0 62 0 0 0 0 0 0 0 0 0 0 0 0 91 56 94 0 0 0 0 87 0 44 76 0 22 29 56 0 24 0 0 16 68 36 0 99 0 0 0 33 76 38 27 0 0 0 15 0 0 12 54 10 0 53 0 0 89 86 0 80 2 23 0 12 68 0 66 38 73 18 0 0 0 0 71 5 2 0 61 98 13 56 92 0 39 77 0 0 0 0 92 54 0 0 0 81 0 56 0 17 49 0 72 0 62 0 0 0 16 0 67 16 0 0 0 48 37 0 7 0 24 0 0 58 0 7 88 0 76 0 0 0 0 0 0 72 85 27 
0 37 0 0 0 64 0 86 63 0 95 0 0 32 97 0 0 0 54 56 82 0 0 0 0 0 0 31 0 0 0 0 0 0 0 0 0 0 33 0 87 0 0 33 40 0 58 0 64 22 79 0 43 0 0 0 90 15 0 0 28 0 44 54 100 60 50 0 0 98 82 0 99 0 0 63 0 5 83 73 70 0 0 0 67 0 35 49 0 100 0 5 0 52 0 5 0 0 0 29 94 25 65 23 50 14 64 45 0 71 21 48 29 28 0 67 15 68 12 0 73 0 0 0 33 0 0 64 38 0 0 0 0 0 55 0 39 0 26 0 0 0 40 34 41 25 16 41 0 0 42 0 25 94 63 26 45 73 0 41 0 0 0 18 0 0 56 
0 0 0 38 0 68 0 0 0 0 36 0 0 0 13 37 0 0 0 0 0 0 36 0 0 0 0 53 93 0 0 0 0 0 0 0 0 26 32 0 0 18 35 56 0 0 0 0 0 75 23 0 80 0 0 45 0 0 88 0 40 0 0 88 31 2 81 85 37 0 6 0 0 33 89 0 0 41 0 86 39 0 17 0 0 93 38 0 0 47 98 50 16 0 66 38 88 0 0 26 0 10 0 0 0 0 26 97 0 95 54 0 0 0 49 0 47 63 0 0 0 0 0 31 0 68 45 0 83 0 4 0 34 0 5 38 0 0 92 0 42 41 90 0 84 69 37 42 96 98 28 0 0 0 59 0 1 0 59 96 62 74 0 14 0 7 0 
0 0 0 0 0 66 0 0 38 0 0 0 0 3 0 0 0 0 0 0 0 0 80 0 55 0 41 0 0 0 0 0 0 0 0 0 0 20 0 2 0 0 0 17 0 66 43 58 0 98 0 73 0 16 0 0 0 0 73 0 0 5 0 0 20 27 60 0 0 0 57 0 0 0 0 0 51 0 0 0 0 37 0 0 87 52 0 27 0 57 17 0 47 50 0 0 26 90 38 0 86 62 79 90 0 0 0 0 0 33 0 4 15 72 0 0 0 6 0 43 10 0 49 94 37 0 0 15 93 0 20 64 0 0 0 0 92 0 76 0 0 0 0 0 0 39 0 0 27 0 54 0 50 0 0 79 0 71 0 33 0 67 62 8 0 0 0 
0 0 64 90 0 0 69 0 76 0 10 0 71 0 0 68 0 0 0 0 75 0 0 51 0 0 47 41 61 0 0 0 0 98 0 15 0 0 0 41 0 3 0 72 3 29 0 0 12 0 0 0 11 0 0 97 0 30 0 27 70 48 0 0 0 57 20 0 91 0 0 0 0 99 0 36 64 30 0 0 0 0 46 0 59 0 0 0 69 100 58 57 0 13 0 0 0 0 92 0 0 0 0 27 34 0 0 0 2 11 0 0 0 53 21 0 0 84 0 0 73 73 61 0 28 39 0 86 0 0 0 0 42 0 0 36 0 65 0 0 0 0 0 32 0 0 3 9 55 0 68 0 20 0 0 21 28 89 28 0 0 96 0 0 47 0 54 
0 90 6 0 80 0 0 0 28 0 12 0 0 14 0 73 0 25 0 0 0 8 0 0 0 0 0 0 0 0 0 0 0 6 0 0 0 0 0 0 0 0 0 0 8 0 34 86 96 0 0 58 0 42 0 0 29 0 19 0 30 0 0 0 61 38 0 4 0 0 0 0 0 58 0 0 0 57 21 17 0 37 13 81 0 0 0 21 0 58 0 41 0 0 20 0 0 0 0 62 59 0 95 33 0 8 0 89 0 0 95 0 0 0 48 0 71 72 21 0 0 0 0 0 45 30 45 66 0 0 0 19 86 94 0 0 90 88 64 33 52 23 0 64 0 0 62 0 56 44 23 0 0 95 13 65 78 0 85 26 0 0 4 62 13 82 12 
75 2 84 0 0 22 34 0 0 0 0 37 0 0 0 66 0 0 59 0 18 0 0 51 0 0 0 50 0 0 0 92 0 0 0 2 0 0 0 0 0 6 0 0 0 0 76 0 36 0 0 75 89 0 0 0 0 0 0 0 48 0 0 29 0 36 15 33 0 78 46 0 96 0 94 0 27 9 50 39 0 67 0 0 98 28 21 79 0 0 53 56 0 0 55 0 0 28 19 0 0 0 31 0 0 61 0 34 68 0 37 0 0 31 0 46 16 82 5 35 31 0 0 14 0 81 0 0 53 48 10 0 0 0 0 79 0 0 0 0 0 0 17 0 0 0 61 63 87 0 41 17 2 0 43 0 0 1 0 3 0 0 60 0 0 0 45 
100 7 0 0 61 0 49 0 0 0 80 6 0 0 0 0 0 0 35 0 0 0 0 49 10 26 30 0 25 0 26 0 0 0 0 0 88 0 0 28 76 0 0 54 0 0 8 0 0 99 0 93 71 0 68 12 0 0 51 0 68 0 0 0 6 91 0 0 20 0 0 86 0 0 86 31 0 77 0 9 0 0 0 98 0 38 0 2 0 0 86 51 0 0 53 0 29 0 58 0 27 32 0 0 64 86 32 0 0 19 44 0 0 60 0 0 0 0 96 0 17 0 25 77 0 17 0 0 0 0 0 0 0 8 72 0 52 62 54 0 66 39 29 75 92 0 24 69 19 0 12 0 0 30 40 98 0 59 0 76 0 0 0 28 0 48 92 
0 0 0 37 0 4 0 0 0 0 0 99 0 0 0 77 0 0 0 0 0 0 0 0 0 0 0 0 99 11 0 0 0 0 22 0 0 57 0 0 86 0 0 0 0 0 0 0 0 0 69 0 0 50 86 0 87 71 0 0 0 0 93 58 80 0 51 0 0 0 65 0 0 0 0 0 6 64 55 91 0 0 65 21 0 0 0 28 0 45 0 60 0 0 25 0 0 14 74 0 0 0 74 51 0 0 20 3 0 62 69 81 0 52 0 65 15 64 0 48 0 1 0 0 0 10 12 0 0 1 31 9 47 71 54 0 12 0 7 81 0 0 67 0 0 19 10 32 0 0 99 0 22 30 88 0 0 0 28 99 29 0 46 37 0 81 0 
85 0 0 0 0 0 0 26 97 0 0 0 0 0 0 0 0 41 82 0 0 36 0 0 0 0 0 0 0 0 84 54 0 0 50 0 0 7 100 0 0 0 69 0 3 84 16 0 0 0 38 0 0 87 0 0 0 76 0 0 60 0 4 0 29 0 0 9 59 0 70 7 51 0 0 0 79 0 49 0 87 0 0 0 0 0 86 0 79 86 0 0 24 0 45 50 53 0 0 16 0 0 0 0 59 5 0 0 0 80 76 7 46 85 91 0 5 51 95 0 0 32 12 0 0 79 98 0 37 55 23 0 0 0 0 0 96 0 0 57 0 0 0 50 86 0 0 0 0 11 0 0 95 0 0 0 5 44 14 21 0 6 26 0 0 18 93 
24 0 51 0 0 0 88 0 25 0 0 20 51 0 0 0 0 23 63 0 84 0 89 0 0 28 0 0 0 0 0 0 0 0 81 41 0 0 0 0 86 67 0 0 0 62 0 36 0 98 52 41 12 32 28 88 0 100 43 0 0 89 92 0 0 0 44 0 84 0 0 27 0 0 55 0 0 48 0 72 28 0 0 0 93 81 88 70 42 63 90 42 0 27 13 0 50 0 13 0 32 20 0 82 13 0 0 30 0 0 0 0 13 0 0 35 0 7 43 34 0 92 0 96 0 63 84 69 59 1 0 47 77 19 0 0 0 0 0 0 0 3 0 0 0 0 0 0 76 0 0 0 0 0 0 59 0 4 0 0 97 20 0 0 39 77 16 
0 39 0 0 0 0 0 0 0 0 0 0 5 0 0 0 95 0 0 0 0 10 0 0 0 0 0 0 0 0 0 0 0 0 0 44 0 0 44 0 0 0 0 62 1 0 57 22 0 0 83 43 0 0 81 88 69 0 45 92 99 0 95 76 89 91 82 35 0 44 84 92 0 0 5 27 81 0 0 61 24 82 0 0 0 0 74 17 95 25 13 21 0 61 0 0 44 17 0 44 100 42 26 0 0 0 0 36 61 38 94 0 46 88 0 20 0 27 79 0 0 0 0 13 0 69 63 0 73 0 50 0 63 32 72 0 0 0 0 13 26 0 13 95 69 0 76 97 86 88 0 0 0 0 39 9 26 0 1 0 13 0 98 0 0 88 81 
96 1 56 0 65 0 0 0 0 0 0 0 0 0 0 0 0 0 100 0 50 0 89 0 0 0 1 0 0 0 0 0 100 12 0 0 83 23 0 0 0 19 14 0 0 100 0 0 0 0 0 88 0 60 0 36 62 52 70 0 0 0 0 12 98 0 27 0 0 0 0 92 0 84 74 0 0 24 35 0 0 70 15 0 0 0 8 0 47 35 0 100 25 0 31 0 0 63 85 80 68 0 0 0 0 0 5 28 17 0 0 0 0 0 0 44 14 0 0 65 82 0 0 0 81 0 0 61 0 7 100 0 0 0 39 65 0 80 0 65 0 19 75 17 82 0 76 59 0 67 0 0 9 0 0 0 67 0 62 64 0 88 90 0 0 0 0 
0 0 0 0 0 0 0 0 0 0 0 0 53 0 50 0 0 0 0 33 0 0 49 0 0 0 0 0 0 0 24 0 0 71 55 0 0 0 0 0 44 0 29 0 0 0 64 40 0 0 0 0 47 2 0 0 2 40 0 93 0 38 33 74 66 0 23 0 33 95 50 59 0 0 27 21 64 0 56 0 40 0 55 0 0 0 0 6 31 24 0 0 68 0 94 0 64 31 0 0 46 0 0 9 60 0 0 0 0 0 27 0 0 0 43 0 67 0 94 94 9 0 0 0 90 77 69 0 0 60 8 0 89 40 0 0 53 53 83 93 0 12 0 0 60 0 19 0 33 0 39 50 0 54 0 19 3 0 2 0 0 0 69 0 0 0 0 
0 0 0 0 0 85 0 0 0 0 81 0 0 0 0 1 0 0 0 0 0 0 39 23 0 0 0 0 0 0 0 0 0 90 0 0 13 0 47 0 0 0 0 71 0 0 0 11 0 57 0 0 0 0 0 0 0 61 17 49 0 48 0 26 7 0 63 76 0 84 0 0 0 0 0 91 32 37 0 44 12 1 0 0 0 0 97 79 0 25 34 0 63 87 0 83 32 0 0 90 66 71 0 97 0 0 0 0 32 63 24 0 68 25 77 0 0 0 69 0 0 0 90 0 0 0 0 43 0 9 0 0 0 0 36 0 30 0 87 0 63 64 0 0 8 80 17 48 0 61 43 0 0 87 0 0 11 5 0 0 71 85 0 45 0 45 21 
43 0 71 0 0 63 0 0 0 0 33 0 0 25 0 0 0 0 14 0 0 69 46 65 44 0 0 29 0 0 0 90 0 0 20 0 0 54 0 18 92 0 0 0 33 0 0 0 0 56 0 0 0 0 46 7 31 80 0 40 0 0 0 0 83 40 0 0 0 0 0 0 0 53 89 3 0 79 49 0 90 0 97 33 3 0 0 54 0 0 6 86 0 70 0 82 0 0 0 1 65 92 71 0 13 10 0 0 0 95 0 87 65 65 99 0 77 86 28 0 0 48 80 0 0 0 0 0 58 0 0 0 94 0 0 59 0 0 0 0 39 46 95 0 13 67 8 0 0 20 43 0 0 32 38 0 3 0 0 39 0 0 45 31 37 78 30 
0 0 0 0 31 0 0 78 0 65 0 0 0 41 2 0 0 0 0 0 0 0 0 0 0 0 52 0 0 0 24 0 77 0 0 0 15 0 0 40 0 0 0 66 0 0 0 77 0 0 39 0 78 0 0 0 0 63 0 0 0 0 48 0 0 0 26 39 91 0 0 0 18 6 44 0 21 0 0 0 0 14 0 65 58 88 38 0 0 25 52 69 0 0 59 98 84 77 87 0 0 0 55 24 16 66 34 0 0 0 0 0 28 0 0 0 84 23 4 0 87 65 0 0 0 0 0 65 36 37 47 86 0 12 52 30 48 0 85 17 0 34 38 0 0 28 0 0 0 17 0 10 0 0 92 0 0 0 85 0 0 83 19 0 0 0 100 
0 0 0 0 38 0 3 0 0 0 4 0 0 0 0 54 0 0 16 0 0 11 75 0 0 0 89 13 0 72 50 0 0 0 0 0 0 0 0 61 0 0 0 69 0 0 94 0 0 0 0 13 0 0 47 0 97 80 64 19 50 6 0 73 0 21 91 37 46 0 34 0 0 49 0 0 0 46 0 68 0 48 0 0 0 98 54 0 2 95 0 16 98 44 21 0 0 0 53 70 53 14 0 0 0 0 0 81 100 76 79 0 0 0 94 31 0 0 0 1 0 0 0 0 0 16 0 21 0 1 0 0 0 89 0 0 0 0 77 21 23 0 7 54 51 100 74 0 81 83 28 76 33 75 0 14 15 0 0 0 0 66 0 97 100 0 0 
92 0 0 0 0 88 0 0 0 0 0 0 0 0 0 0 0 0 0 21 0 0 0 0 0 0 0 29 0 0 0 0 0 0 0 0 83 0 0 0 0 53 0 0 0 69 0 0 9 0 0 0 0 0 93 0 0 0 0 0 91 68 2 40 13 4 0 99 0 36 40 80 0 0 0 0 0 15 78 54 0 18 12 96 0 0 0 55 0 98 14 0 0 34 98 17 90 96 0 95 0 0 0 12 0 56 57 0 0 75 0 53 0 88 0 0 77 0 55 0 0 79 44 66 71 0 99 0 0 0 0 45 93 28 0 0 32 0 0 0 0 42 84 0 0 0 0 0 100 20 0 74 22 28 0 0 0 0 37 0 0 0 0 39 14 0 0 
0 67 0 56 0 16 0 14 65 0 50 0 0 51 16 0 0 7 0 0 65 0 0 0 0 0 0 0 0 0 69 0 74 0 0 0 0 0 0 0 14 93 0 28 0 50 0 0 0 0 0 0 0 0 0 0 0 0 91 0 59 29 70 66 0 0 32 0 0 15 0 47 0 0 0 84 0 0 0 68 0 7 86 0 88 0 0 36 92 15 0 0 0 77 0 23 77 19 50 97 0 12 84 85 0 0 1 0 6 11 0 52 0 0 0 0 0 0 0 76 34 73 44 0 27 0 0 0 34 0 0 0 0 0 0 0 0 0 44 79 68 0 0 0 0 45 1 0 0 37 3 0 0 0 0 45 0 0 0 0 0 63 0 63 0 0 30 
0 0 66 50 17 59 41 60 14 59 0 0 0 45 0 0 86 0 90 0 0 77 0 0 0 0 0 0 0 94 0 0 0 0 0 0 0 41 0 0 0 0 48 0 81 0 16 11 0 0 0 0 0 79 98 0 0 0 0 0 95 0 0 0 0 15 47 0 41 0 0 97 0 65 94 93 0 0 0 37 46 0 0 44 0 91 0 83 33 70 0 0 0 31 33 61 98 32 35 32 95 0 14 0 100 0 45 99 94 0 70 0 0 0 0 34 0 0 100 0 0 72 90 0 17 65 70 21 65 0 0 60 0 0 0 37 0 32 0 0 0 87 48 74 2 16 0 0 59 85 0 48 51 7 27 0 30 59 77 0 1 0 52 82 0 77 0 
0 0 67 0 0 95 0 0 0 0 11 0 27 0 0 0 0 0 0 41 37 0 0 0 34 36 0 0 0 0 0 0 91 74 52 0 0 0 69 0 0 0 0 0 29 96 96 0 10 0 18 0 0 0 76 0 0 99 0 0 0 81 87 19 0 0 53 98 48 42 0 0 0 0 55 4 42 14 0 0 0 0 13 0 0 0 0 65 26 92 70 97 0 0 90 76 75 32 0 99 0 52 0 0 96 31 35 0 0 85 38 0 0 90 0 0 41 0 0 32 14 0 0 0 0 0 82 0 0 74 0 40 89 72 69 0 0 0 0 13 2 0 68 25 63 40 47 0 22 54 0 0 0 11 0 9 100 53 5 8 78 46 63 0 0 63 0 
49 0 67 0 0 0 0 0 33 0 0 0 5 21 45 0 0 0 52 0 0 0 0 15 66 63 46 86 0 0 0 23 85 0 0 0 0 0 0 0 0 0 0 0 0 0 0 0 0 0 39 28 0 100 0 0 0 0 0 53 0 0 0 0 0 0 0 31 68 47 0 90 88 59 0 0 0 0 43 0 0 0 0 6 61 0 85 11 100 0 0 32 0 93 26 0 0 39 41 39 0 0 0 21 11 0 66 27 89 56 40 30 0 17 83 0 0 0 58 0 0 98 42 0 29 65 0 66 0 0 0 6 75 31 0 0 1 45 0 0 69 0 36 0 55 50 30 45 0 0 4 0 59 8 0 0 0 94 98 0 93 0 0 0 76 61 0 
83 0 27 0 57 0 0 0 0 0 82 0 0 0 0 0 99 29 0 0 40 0 58 0 0 0 51 35 0 0 0 0 60 62 0 0 0 0 0 0 84 0 0 0 7 24 58 23 0 0 0 0 0 15 31 0 0 0 0 0 35 0 24 0 25 0 5 0 0 49 0 98 32 29 0 0 19 57 38 50 97 0 31 0 0 84 0 0 0 0 0 38 0 28 30 14 0 0 0 8 45 0 79 10 22 51 0 97 47 73 0 0 86 0 0 73 0 0 74 16 0 98 53 41 69 81 5 33 49 0 54 83 0 0 3 40 1 0 72 0 0 0 0 48 4 0 0 40 0 42 92 0 0 0 27 0 0 87 60 62 24 0 0 12 6 45 1 
0 0 0 0 0 1 0 0 0 0 0 24 42 0 0 0 0 18 44 0 0 0 0 0 0 87 0 51 0 0 0 0 92 0 0 0 0 0 0 0 7 61 0 0 56 97 0 0 0 0 26 0 71 0 0 0 0 0 75 0 0 0 0 75 0 0 0 77 0 58 0 39 42 25 36 50 0 62 0 67 98 0 0 0 0 28 0 27 99 0 0 0 93 24 89 54 80 94 56 0 0 0 0 39 50 0 0 87 63 0 0 0 72 8 0 0 22 0 0 93 79 0 76 0 0 0 0 0 0 35 83 0 75 5 11 92 69 51 0 33 0 89 0 0 38 96 73 0 0 54 0 0 74 9 9 0 53 0 0 50 0 0 91 94 46 0 0 
16 0 0 0 22 21 0 38 59 90 0 0 0 0 4 89 26 0 15 0 0 4 0 29 0 0 0 0 0 0 0 0 0 0 0 54 0 0 0 0 0 0 61 0 0 89 0 0 100 0 0 0 0 0 0 0 0 0 77 0 0 0 0 0 0 0 52 41 0 0 0 0 62 0 0 65 52 78 0 0 86 52 0 22 0 15 0 0 61 100 0 0 7 97 9 44 0 14 14 0 0 0 0 0 77 27 65 0 86 82 0 0 0 50 70 50 0 2 0 0 66 54 31 0 62 0 0 73 0 0 70 66 0 25 0 81 0 17 68 0 0 0 84 0 0 2 0 45 32 36 28 71 0 0 33 76 98 22 0 0 32 0 0 8 56 28 0 
0 0 61 90 0 0 0 0 0 87 5 12 0 0 0 0 0 0 0 0 10 0 0 0 0 0 0 22 0 0 0 0 0 19 0 0 23 0 0 0 0 0 0 0 97 0 0 0 25 0 0 0 0 0 25 0 0 0 67 0 61 0 0 0 0 0 2 0 0 0 0 0 28 0 0 99 0 70 34 0 48 0 25 0 0 0 45 76 0 74 0 71 58 21 0 0 30 94 0 11 0 0 0 0 83 79 0 28 0 77 0 0 79 19 0 0 85 0 86 0 4 0 0 58 0 39 16 80 0 0 0 0 81 13 5 66 0 0 0 43 45 0 0 78 0 0 90 0 68 99 0 89 0 44 19 26 95 0 0 0 12 0 58 57 0 0 0 
0 0 67 0 0 0 0 0 0 0 0 71 71 0 0 0 40 0 0 0 48 0 0 0 0 87 0 0 0 0 0 0 0 0 0 0 0 22 95 0 0 0 0 0 0 0 0 10 0 0 0 0 33 0 0 0 0 0 0 0 3 71 31 0 44 0 0 8 21 0 0 27 0 44 0 100 65 49 28 0 0 0 0 65 0 15 0 86 0 0 0 47 0 12 46 44 0 17 0 0 0 2 0 9 4 78 53 0 0 72 0 0 0 59 0 59 85 0 87 75 0 62 0 0 21 0 0 25 61 0 48 0 52 93 0 12 0 63 0 98 0 70 66 0 0 25 42 0 84 0 3 0 0 0 84 0 31 40 22 59 32 0 0 97 0 20 0 
0 0 0 0 15 0 0 0 0 0 0 0 0 0 16 0 0 74 0 0 0 0 0 0 0 67 0 0 51 51 0 41 0 0 0 4 0 0 0 0 0 0 0 36 0 0 0 0 0 0 0 0 0 53 0 0 0 0 0 0 19 0 0 0 0 0 0 44 43 0 0 28 0 0 77 0 0 0 0 0 0 0 0 0 0 14 14 54 74 0 34 67 68 0 24 0 73 57 62 0 0 0 0 0 83 0 80 12 80 63 53 36 0 65 1 0 82 62 0 55 95 0 0 77 0 3 0 0 82 51 0 0 0 0 16 0 7 0 98 91 45 0 13 0 94 0 12 17 0 27 51 0 26 6 0 78 78 0 0 58 0 0 0 5 30 8 54 
0 0 0 0 39 0 0 0 0 0 0 0 0 13 0 0 0 0 41 0 4 0 0 0 33 0 0 56 0 0 92 0 0 0 89 0 0 0 0 0 0 0 0 0 0 0 0 0 0 0 64 0 0 0 0 0 0 71 81 0 0 0 0 0 0 0 0 0 82 0 88 10 80 98 0 0 0 0 7 0 52 38 0 64 21 76 0 0 55 88 18 0 36 49 0 0 0 71 0 0 55 69 0 0 7 64 0 69 66 0 0 76 62 0 0 50 0 0 79 5 0 5 0 0 85 97 95 91 8 28 0 40 27 19 45 57 0 0 0 83 0 64 0 48 0 8 0 0 0 0 0 0 27 0 0 29 0 20 65 0 11 0 91 0 83 0 0 
0 70 0 0 7 6 0 0 0 0 0 54 66 0 0 89 67 0 0 0 0 0 0 0 0 0 0 0 0 0 77 0 0 0 0 41 0 4 0 0 0 34 0 0 0 0 0 0 0 0 0 0 0 0 0 0 0 0 0 0 0 26 0 0 0 0 0 0 0 0 0 0 0 6 39 7 7 0 0 83 6 0 0 55 0 0 0 65 0 0 29 8 69 41 0 0 86 32 54 0 77 0 77 0 93 0 0 44 93 15 0 0 81 42 32 22 38 62 0 0 64 0 84 0 40 0 0 71 0 71 0 0 0 75 4 0 11 0 0 0 95 9 0 0 59 0 17 0 0 0 96 20 0 0 90 0 0 0 7 17 59 9 34 0 0 45 36 
100 0 0 0 0 0 0 0 0 0 95 0 0 0 0 0 0 70 28 98 45 89 0 0 0 0 0 0 83 0 0 0 0 0 0 0 7 0 0 0 0 0 0 0 0 0 0 0 0 0 44 0 0 0 4 0 0 0 0 0 0 0 0 0 0 53 32 0 15 0 0 0 89 0 0 13 0 0 73 0 0 9 13 63 0 66 0 45 7 0 62 0 1 2 98 53 75 0 0 0 31 0 0 11 0 71 77 0 0 66 83 76 19 0 0 39 35 0 0 0 78 71 0 0 0 0 66 24 48 0 42 0 77 89 0 42 86 57 0 0 73 95 7 58 95 65 23 0 0 0 87 0 82 0 0 0 0 37 0 60 0 0 9 99 0 0 0 
0 0 0 0 73 0 0 0 0 0 0 0 0 0 58 0 29 0 0 0 0 0 0 0 0 0 0 0 0 93 55 0 0 60 0 0 54 0 0 0 0 0 0 6 0 0 0 0 0 0 92 0 0 57 89 0 0 0 64 0 0 19 0 0 0 22 97 0 0 0 0 71 0 3 22 60 0 0 0 0 0 6 13 0 29 32 97 19 53 0 79 44 45 71 0 49 29 72 0 84 0 94 35 59 0 84 61 73 0 66 43 0 74 15 0 0 30 0 73 36 0 16 0 85 0 0 60 18 0 0 75 0 40 0 0 0 0 24 62 0 0 11 0 21 0 0 46 0 76 0 0 0 0 80 0 90 0 0 0 9 71 0 0 52 40 74 0 
0 93 0 0 78 0 0 0 0 0 0 0 5 0 11 53 14 0 0 99 0 99 0 0 68 0 51 0 0 0 0 0 0 85 0 0 0 54 0 0 0 0 0 0 0 0 55 0 0 0 0 0 88 0 94 0 0 0 0 0 0 0 0 0 0 0 0 0 0 0 0 0 0 0 0 0 0 35 0 25 0 0 66 44 0 84 45 0 26 10 95 83 97 60 0 16 0 0 76 0 0 0 93 92 0 0 57 0 86 0 84 94 0 0 48 0 4 0 0 49 0 74 0 0 94 0 98 21 0 0 97 0 15 0 62 0 25 0 69 0 0 0 74 0 18 0 0 0 98 89 0 0 38 19 0 92 0 62 66 100 43 63 0 89 0 0 82 
0 0 0 0 33 0 0 0 0 0 0 0 0 0 0 0 0 0 0 0 0 0 0 0 0 99 0 0 0 0 0 0 0 0 0 0 0 30 0 0 0 97 0 0 0 6 19 0 49 0 0 0 0 75 0 0 0 84 17 0 0 0 0 0 0 0 0 0 4 0 55 0 0 24 9 0 59 0 0 12 0 0 0 0 0 0 0 0 92 46 0 0 0 30 56 33 0 0 0 54 0 0 0 0 62 44 72 1 0 29 0 0 85 91 43 0 0 13 54 0 62 17 0 0 36 0 0 62 0 0 66 0 9 23 79 0 0 90 69 0 0 0 0 0 53 0 0 55 13 69 45 0 0 0 81 0 55 95 0 0 0 0 0 71 0 33 25 
0 0 0 20 0 0 0 0 0 68 0 0 63 31 0 0 0 0 0 0 0 0 0 0 0 0 0 78 0 0 0 0 52 0 16 0 86 0 0 42 0 55 0 0 0 33 3 15 86 100 0 76 0 0 0 0 0 0 0 0 0 0 0 0 0 0 38 0 0 91 0 29 0 0 0 26 0 0 0 0 74 0 31 98 0 15 0 57 0 0 73 22 0 0 18 54 0 0 68 0 46 46 0 9 0 92 37 64 80 79 69 0 0 14 84 53 0 12 41 89 0 35 35 0 85 89 0 0 17 48 0 51 0 77 60 83 0 0 56 0 59 44 18 0 74 83 9 0 0 92 0 62 0 0 29 31 0 0 0 0 84 0 81 86 0 0 88 
69 0 0 0 0 28 0 1 0 0 0 0 0 0 0 0 0 82 100 0 0 0 0 0 0 0 0 13 35 0 0 0 22 0 0 0 52 0 0 32 0 0 51 90 0 0 0 0 0 0 0 0 0 0 0 0 0 92 0 0 54 0 0 0 0 0 0 85 0 0 0 0 0 0 0 10 0 99 0 0 62 0 34 96 17 8 93 6 65 82 0 64 14 84 0 72 8 0 0 6 3 0 0 1 37 0 66 0 58 0 96 0 70 0 0 0 0 100 0 0 0 15 50 69 0 4 2 0 2 0 56 8 0 61 64 40 67 0 66 0 34 23 0 96 70 59 3 66 59 0 96 0 38 0 0 0 42 0 0 42 11 0 90 0 78 0 19 
0 26 0 0 0 89 91 0 0 0 0 0 14 0 0 0 98 88 0 0 0 0 0 0 0 0 0 0 0 0 69 0 0 0 0 35 0 0 0 0 95 40 0 0 38 0 0 52 87 0 0 0 0 0 0 99 24 0 0 0 31 0 0 0 0 0 0 0 0 0 0 49 55 0 0 0 0 16 23 38 0 0 0 53 0 0 75 8 43 0 0 0 0 28 99 39 0 0 0 10 65 0 23 0 29 0 75 0 38 0 0 24 0 85 1 0 77 0 0 0 0 0 43 74 34 0 0 9 0 0 81 0 64 0 24 30 0 52 57 0 27 0 41 0 0 38 43 72 53 0 0 0 0 2 0 62 0 0 0 38 74 0 0 14 0 77 19 
61 0 98 0 0 0 0 0 0 0 0 93 0 34 15 46 0 0 0 0 0 3 82 0 0 0 0 70 2 63 0 0 0 0 0 0 0 0 0 0 0 0 0 0 0 0 0 0 43 0 0 0 0 74 0 0 0 85 0 0 22 0 0 0 0 0 0 99 0 23 0 68 0 0 44 0 0 0 0 76 0 11 42 0 3 0 8 74 0 0 53 0 0 0 90 39 0 5 79 4 56 28 21 43 27 31 0 0 0 0 35 0 0 0 0 64 0 80 0 20 15 0 0 25 34 0 45 98 0 0 0 0 30 41 0 0 0 66 87 0 0 5 0 0 0 40 0 44 2 12 0 16 0 0 0 42 78 0 26 0 81 12 55 55 5 0 0 
1 0 27 0 0 0 0 0 0 50 89 0 0 0 0 0 0 86 0 0 0 0 0 0 0 0 0 0 0 0 0 40 0 0 27 14 0 0 0 0 0 8 0 0 0 0 0 0 0 32 0 0 0 0 19 0 0 0 95 0 0 0 0 0 0 0 0 3 33 0 0 0 0 49 0 0 6 0 0 0 0 13 0 0 0 0 0 16 18 83 0 0 44 88 0 0 32 0 0 0 42 85 96 0 97 0 31 0 69 100 100 72 2 0 8 59 0 42 0 21 15 0 5 97 44 6 0 41 0 0 9 8 42 0 87 30 0 9 34 0 0 27 0 0 8 0 0 18 0 75 93 0 94 0 70 0 24 0 0 57 0 0 16 0 20 70 65 
46 85 24 21 0 8 0 44 0 0 0 0 36 0 0 0 83 0 0 0 0 0 0 7 0 0 5 28 0 0 0 0 0 0 0 25 0 99 0 0 0 0 68 0 0 0 0 0 0 49 0 0 0 0 42 96 0 1 75 63 0 0 0 0 0 0 0 0 0 0 90 97 77 0 65 0 16 83 0 23 0 0 28 0 0 0 92 0 0 0 79 0 0 67 97 64 0 0 86 0 0 0 98 0 72 84 0 55 0 0 73 0 0 0 39 0 0 35 0 0 0 0 52 0 62 0 28 91 75 66 17 0 0 41 60 72 2 16 0 45 88 0 0 0 0 0 0 0 0 26 41 0 41 23 0 77 42 0 0 0 83 65 0 44 0 22 0 
0 0 0 35 0 0 0 0 0 95 0 0 27 0 43 0 47 0 48 0 87 0 0 0 0 0 0 0 0 15 64 0 0 0 0 0 0 0 0 0 0 0 0 0 0 0 0 0 0 0 95 0 0 0 0 0 0 0 0 79 84 0 0 96 0 0 46 0 0 0 72 0 0 1 0 0 0 0 0 0 60 23 0 15 97 0 51 0 0 0 58 93 22 0 0 0 50 0 1 0 36 0 23 77 0 76 94 97 90 28 0 0 0 0 67 0 0 57 0 29 0 28 73 0 0 21 0 11 0 14 17 100 0 51 0 66 26 58 72 23 0 0 0 56 0 16 0 0 84 87 56 0 0 0 0 0 0 0 0 79 0 0 0 48 0 0 0 
0 0 20 0 0 0 0 47 0 0 0 0 3 0 0 14 0 0 0 0 0 0 87 0 0 0 19 0 0 0 0 0 53 42 0 0 0 1 0 0 0 71 0 9 0 0 23 0 0 0 90 0 0 0 11 16 30 0 0 39 0 0 0 0 0 22 32 0 0 33 0 86 88 0 0 0 60 0 43 0 0 0 27 0 0 0 99 38 98 49 18 58 99 0 7 62 60 34 13 0 47 7 20 62 12 19 9 0 50 72 0 64 0 0 0 10 86 0 24 0 32 0 64 71 0 31 91 0 0 0 0 0 77 11 0 39 0 0 0 37 57 88 0 0 7 72 0 0 0 0 0 0 44 0 28 59 0 65 0 32 0 0 0 16 21 0 45 
0 89 0 0 0 71 0 0 68 0 50 60 0 0 0 0 25 0 0 0 50 0 57 0 37 0 0 73 0 0 0 0 6 0 0 0 0 0 0 0 28 0 0 0 0 79 0 53 0 0 0 65 0 88 0 0 0 0 0 0 0 0 89 0 0 5 0 0 9 0 0 32 21 0 22 73 0 0 0 0 0 0 0 15 0 53 0 64 15 60 0 0 0 0 0 53 0 29 30 92 0 0 0 14 0 79 0 55 0 83 0 46 41 0 0 0 0 42 70 4 17 0 0 20 0 61 77 14 0 0 0 93 0 4 0 0 0 0 47 87 0 98 20 0 0 0 0 10 0 7 0 94 39 0 33 2 91 66 93 57 56 0 98 0 0 76 80 
0 6 21 0 0 0 0 2 1 30 0 46 0 91 38 98 85 0 0 0 94 99 0 0 0 0 0 0 0 0 0 0 0 54 4 0 0 0 0 0 0 0 0 0 0 0 0 0 0 2 0 0 40 0 33 0 0 0 74 0 0 0 0 20 0 0 0 67 4 0 0 0 71 0 0 0 0 92 0 0 0 62 0 0 100 100 0 0 0 33 0 4 47 86 10 38 17 43 11 30 0 0 0 30 0 0 66 10 0 0 0 4 0 0 0 98 0 15 16 0 85 0 0 0 77 0 62 5 84 32 0 0 94 11 0 71 41 0 10 0 0 0 31 63 76 50 93 25 0 0 0 0 0 0 0 0 48 64 0 0 0 68 0 0 95 0 75 
0 51 73 0 0 0 0 0 0 0 0 83 0 0 62 0 0 0 0 49 78 0 0 0 59 0 0 0 12 0 50 0 0 0 0 0 84 0 0 0 0 21 86 0 87 0 0 0 0 0 76 0 0 0 0 0 0 0 0 77 0 41 0 0 58 0 0 0 0 0 22 0 0 0 0 0 0 39 50 0 0 0 0 0 59 0 26 0 0 39 0 56 0 67 34 0 0 0 0 35 30 50 0 19 0 0 13 98 95 15 23 0 27 53 46 0 100 0 0 22 9 53 27 0 0 90 0 0 0 0 39 100 4 85 0 0 13 0 0 98 0 1 82 0 6 81 0 62 78 100 40 69 73 69 0 0 16 72 31 0 48 54 23 0 0 94 0 
0 26 12 0 0 71 0 0 5 63 0 0 26 0 0 62 5 0 0 0 0 0 0 33 0 0 0 0 0 0 0 0 0 0 0 0 51 0 0 0 83 0 0 0 0 0 0 64 0 0 12 86 0 0 0 0 36 0 62 53 0 28 18 0 58 0 0 0 0 0 0 0 0 81 0 22 0 0 0 0 49 0 0 0 0 26 0 10 96 0 58 74 39 98 0 0 54 0 72 16 65 0 36 80 60 54 0 17 58 47 0 0 0 0 22 0 43 82 49 0 95 0 18 61 0 0 0 0 0 96 82 49 0 0 89 0 71 0 10 48 0 17 25 0 0 88 50 0 0 63 0 61 0 0 11 0 74 0 14 0 0 0 98 34 30 71 0 
0 0 64 76 0 0 95 0 65 0 0 0 0 0 0 0 87 0 27 0 76 32 0 52 0 0 0 0 76 60 51 0 0 94 15 0 15 0 0 81 0 0 0 44 0 0 38 61 0 74 0 0 0 0 0 0 29 35 0 0 0 0 0 0 0 0 0 0 0 0 0 0 0 0 0 0 81 0 0 53 8 0 0 0 0 0 0 0 0 0 0 58 0 71 0 0 0 51 0 92 0 88 0 63 0 13 0 37 0 55 0 29 1 87 73 22 0 79 71 62 0 54 75 0 0 0 41 90 0 60 0 0 74 0 0 0 0 54 0 28 9 5 29 0 17 12 0 0 27 0 8 0 58 0 0 0 0 0 49 0 3 74 0 0 84 0 76 
0 0 0 0 0 93 0 0 0 62 0 0 72 0 0 0 0 0 0 0 0 0 0 0 0 0 0 95 58 0 0 0 0 0 46 0 0 42 0 0 0 0 0 77 0 53 6 0 0 0 0 91 0 24 0 0 0 0 32 0 0 0 86 0 0 0 0 0 0 0 0 0 0 28 0 0 0 0 0 0 0 23 28 0 0 0 0 88 16 0 0 0 88 94 0 0 0 73 34 0 59 0 0 21 0 0 5 43 0 0 0 0 0 0 0 27 0 51 6 0 0 61 67 28 0 0 52 0 23 0 0 0 0 38 11 0 93 0 0 0 0 0 0 0 0 0 0 0 0 0 27 2 0 89 69 0 0 0 0 0 0 0 44 0 38 0 0 
0 25 5 81 0 0 0 0 0 0 0 16 28 28 88 0 0 92 0 12 0 0 0 0 0 0 0 0 0 0 0 0 0 0 86 77 87 0 6 0 0 0 0 0 0 0 0 0 0 0 0 0 0 0 96 0 0 0 0 0 0 31 0 0 0 0 0 79 0 0 0 48 6 0 0 0 0 0 0 49 0 0 16 0 0 64 0 0 0 0 3 89 51 0 0 0 50 0 0 0 0 0 17 0 66 0 45 0 0 0 0 91 0 27 0 1 0 0 86 17 54 67 0 0 0 0 39 26 67 0 71 29 58 76 0 0 0 6 0 0 83 0 0 0 64 20 0 0 57 0 54 5 12 0 0 0 3 0 61 0 86 70 74 0 18 32 0 
0 0 0 0 45 0 0 0 81 52 75 0 0 74 53 0 0 70 0 0 0 0 0 0 0 47 0 0 0 45 0 0 0 0 30 100 0 0 0 0 0 82 0 0 0 13 32 0 0 0 0 0 76 0 0 0 39 0 0 0 0 0 0 0 0 40 0 0 0 0 0 0 0 67 0 0 56 0 0 80 0 0 67 0 0 0 0 0 0 87 0 82 28 19 0 0 32 0 0 35 23 0 0 0 49 90 82 68 0 51 0 46 75 0 18 0 0 0 0 72 75 0 28 0 87 75 0 0 42 0 0 0 0 0 7 0 41 0 31 0 0 0 82 0 0 0 40 21 1 74 41 0 0 57 0 9 0 92 77 0 75 0 0 77 65 0 0 
0 51 0 0 60 0 0 0 0 0 73 12 82 0 0 0 0 0 29 52 0 0 0 0 0 0 0 0 0 0 19 0 0 0 0 0 33 26 0 0 0 0 0 0 60 0 0 0 0 0 0 0 0 0 0 0 0 0 0 0 95 0 73 0 0 0 35 0 95 0 0 0 0 51 0 98 0 0 48 98 0 0 0 0 0 60 0 0 0 0 5 0 0 0 0 48 0 0 0 0 70 0 0 0 0 0 22 0 34 0 81 24 29 0 31 0 11 0 69 96 0 0 0 0 0 0 85 0 0 100 16 0 32 77 33 97 89 40 15 77 18 68 0 0 0 0 29 0 0 56 0 66 52 0 0 64 72 25 0 0 93 0 0 76 0 0 0 
74 0 0 0 0 0 0 74 0 0 0 0 92 0 16 0 0 0 15 0 0 59 0 0 0 0 0 30 0 0 0 0 0 0 73 0 0 0 0 0 0 0 0 36 0 0 96 0 0 0 0 0 0 0 0 0 0 21 88 0 75 0 0 11 0 0 0 0 0 0 0 0 0 0 92 0 0 60 0 0 0 0 80 0 0 0 29 0 67 0 0 0 60 0 10 35 25 83 44 0 67 43 31 81 37 7 42 34 66 0 59 0 0 79 87 40 0 0 31 30 0 0 55 0 25 84 13 0 75 43 40 0 0 0 0 1 77 25 0 0 0 52 0 54 0 52 0 0 4 30 55 0 62 0 97 0 36 8 77 31 0 65 15 73 0 75 0 
0 0 74 29 0 0 0 0 0 0 0 0 0 0 0 0 0 0 0 0 0 0 0 0 0 35 10 0 71 0 38 0 86 0 0 0 0 28 0 0 0 0 0 0 0 0 0 57 0 0 0 4 91 0 0 0 0 1 0 0 0 0 0 51 0 0 0 55 0 0 0 0 0 0 0 0 72 0 0 0 0 0 0 0 0 0 59 0 0 0 0 0 18 67 80 0 89 0 0 83 0 0 23 73 0 0 78 3 92 71 53 0 0 0 63 0 0 7 11 14 0 46 48 0 0 15 0 39 41 56 13 64 30 0 3 0 40 0 0 54 0 1 94 0 26 93 0 0 31 0 0 88 27 18 45 0 31 0 0 42 0 18 0 99 68 83 0 
0 0 56 0 0 0 0 0 0 0 67 0 0 0 0 0 60 0 0 18 0 0 0 18 0 0 0 0 0 0 80 0 0 0 38 29 0 0 0 62 0 0 0 56 70 0 58 0 8 35 0 0 0 0 47 0 0 83 0 30 43 0 0 0 0 0 0 0 0 0 0 0 0 49 0 0 0 0 46 0 0 0 0 0 0 0 0 0 0 0 0 0 0 0 0 0 12 0 5 14 61 0 0 0 0 7 0 45 44 45 61 72 0 0 42 0 0 86 0 100 0 81 0 0 36 0 0 0 46 0 0 0 0 0 10 0 82 0 0 0 0 0 0 92 4 25 90 90 87 0 53 98 0 54 14 0 31 7 32 93 0 74 0 48 0 59 0 
0 89 0 38 0 0 42 0 0 0 0 0 0 0 0 0 0 25 0 67 61 0 0 0 51 32 0 0 67 0 0 0 0 0 4 0 69 0 0 0 20 0 0 0 99 0 0 50 0 0 0 0 0 0 0 0 0 0 0 69 0 0 0 0 0 0 34 0 0 0 0 0 0 0 0 0 43 0 0 22 0 0 0 0 0 0 0 0 0 90 83 0 37 0 33 17 0 0 20 45 27 0 94 0 0 0 0 91 72 0 0 81 0 0 0 0 0 88 53 0 82 86 13 3 0 80 99 0 0 34 35 0 0 79 0 56 99 83 0 0 0 1 0 0 0 51 0 63 8 0 72 67 3 0 0 15 0 0 37 0 0 38 0 0 0 0 0 
0 0 0 0 0 32 0 0 31 0 57 0 0 0 0 0 79 0 0 0 2 0 18 0 83 0 0 0 0 92 0 54 0 0 0 0 0 0 0 0 0 40 0 0 0 0 0 0 0 0 0 0 12 23 0 0 0 0 0 0 0 0 0 0 0 0 0 98 0 0 0 0 0 0 23 0 0 7 0 55 0 0 0 0 20 77 38 0 65 0 0 0 55 0 0 58 0 29 35 47 0 0 92 0 74 0 99 96 0 63 81 0 0 0 31 0 29 42 0 0 15 0 42 30 0 53 38 0 0 0 0 0 90 0 20 0 0 0 27 0 0 0 99 0 0 0 81 0 20 97 77 54 0 0 0 0 100 53 79 0 68 38 0 0 10 16 0 
0 0 0 0 48 0 0 28 0 0 0 0 0 0 0 0 0 0 0 0 0 0 0 0 46 36 0 0 0 0 0 0 96 0 0 0 0 0 0 0 0 0 0 0 4 0 0 0 0 35 0 86 0 0 0 10 0 0 0 0 66 0 0 0 57 0 91 18 0 0 0 0 0 0 0 0 0 23 0 0 0 0 0 0 60 0 43 17 2 0 0 0 6 0 0 0 21 91 0 47 99 5 0 0 41 27 27 6 77 0 64 0 0 71 55 0 60 11 0 34 18 82 91 14 83 0 0 26 0 2 51 0 86 64 2 92 0 0 9 0 0 0 0 0 72 87 42 61 0 0 0 0 37 0 43 54 29 0 0 90 0 97 0 0 35 0 0 
0 0 40 0 0 0 0 0 0 0 0 0 0 80 0 0 83 51 0 0 0 45 0 0 0 19 73 0 0 0 9 0 0 66 81 0 0 0 0 22 0 0 0 0 38 0 67 0 0 0 53 0 0 0 0 47 0 0 0 0 44 0 0 0 0 0 0 63 0 0 0 82 13 0 0 46 0 0 24 0 0 0 0 0 0 0 64 0 0 6 0 0 0 23 0 0 0 16 74 100 0 54 0 0 0 42 0 90 0 45 0 0 17 80 0 58 0 72 38 0 52 93 47 0 87 62 58 80 0 0 0 0 0 0 0 0 0 0 57 13 76 0 0 0 0 67 0 0 0 60 0 82 0 19 92 0 34 0 0 0 56 20 20 0 0 0 0 
0 0 0 0 71 0 42 0 0 0 0 0 0 0 0 0 0 0 0 0 0 13 97 69 48 0 0 0 0 0 0 0 0 89 0 0 0 0 0 0 0 0 91 0 0 61 0 0 0 0 0 0 66 18 0 33 0 0 0 0 0 0 0 0 0 0 0 0 0 79 0 1 7 74 80 0 0 43 62 79 0 0 0 76 0 0 0 64 0 0 0 60 82 38 0 0 0 0 32 7 95 18 29 5 0 0 59 93 32 19 63 0 83 37 0 57 36 0 0 68 21 68 0 71 94 66 0 26 0 100 94 53 2 0 0 0 0 61 90 0 0 23 99 0 89 13 0 0 0 0 50 63 68 24 0 87 0 0 0 0 0 41 0 13 0 0 11 
0 0 0 0 0 0 0 0 0 0 0 0 0 69 0 0 0 0 0 25 0 0 0 0 0 67 0 69 0 0 0 0 0 83 52 0 0 1 0 0 61 0 0 21 0 0 0 0 0 92 0 7 88 0 0 0 21 0 0 0 0 0 0 0 37 95 0 0 0 26 91 0 0 0 0 0 0 0 0 0 0 0 0 0 0 0 0 0 0 26 0 8 0 0 0 0 0 0 0 66 0 83 0 0 0 0 13 0 0 0 90 77 46 41 55 26 0 8 0 21 21 0 0 50 17 0 0 0 0 0 12 0 96 0 90 83 0 52 7 29 19 0 18 0 0 94 0 0 19 9 0 0 0 8 0 18 2 11 0 41 0 0 63 84 34 87 78 
0 0 80 0 0 56 22 26 0 67 0 81 36 0 44 0 0 0 0 56 0 41 0 0 0 0 33 0 83 0 70 0 0 0 0 12 0 0 35 0 0 0 29 0 0 10 0 0 18 0 0 0 0 0 13 0 0 0 0 0 0 0 0 87 0 78 46 0 69 57 0 72 0 50 0 0 0 44 39 93 0 0 0 0 0 0 23 50 0 0 0 0 0 0 0 0 0 0 0 0 18 50 72 13 0 20 17 79 0 90 8 32 93 42 0 0 66 67 49 55 87 0 95 0 44 100 0 28 1 46 36 0 0 0 18 94 6 85 5 13 15 0 0 54 0 0 0 32 75 0 0 72 60 0 0 83 22 0 0 0 0 0 0 49 71 69 91 
97 0 0 100 38 0 0 0 0 0 0 13 0 15 0 0 57 0 0 0 0 0 75 32 0 0 39 0 19 0 0 0 0 48 81 5 0 0 0 0 0 0 0 0 0 0 0 92 0 0 0 0 0 0 0 0 95 92 0 0 0 0 67 0 0 0 87 0 0 0 0 46 0 0 0 0 0 0 69 0 0 0 84 0 0 52 0 0 0 0 0 0 0 0 86 0 0 0 0 0 0 40 77 0 0 0 84 0 0 32 0 82 0 0 0 0 0 0 0 0 0 0 100 0 0 0 48 2 0 0 0 0 9 49 0 0 0 0 0 0 0 2 88 43 0 68 51 0 0 0 71 3 0 0 73 0 0 0 0 67 5 23 86 86 0 0 82 
0 0 0 0 0 0 0 0 0 0 0 19 60 0 0 0 0 0 7 0 0 0 0 0 0 0 91 0 0 0 84 0 0 0 32 0 0 0 0 0 0 0 58 0 0 0 69 26 0 0 52 0 0 0 0 0 90 0 0 0 10 10 0 0 0 0 7 0 0 0 0 36 0 0 0 0 0 0 0 61 0 0 23 0 0 0 0 29 0 0 0 62 0 0 49 0 0 0 0 0 0 0 65 24 85 0 62 0 44 23 79 0 0 21 0 0 0 0 18 15 0 2 0 59 63 0 2 68 0 0 0 36 71 0 53 0 0 87 0 0 0 0 0 0 10 48 0 75 33 56 84 14 68 11 0 45 0 0 0 13 83 0 0 0 0 0 92 
0 57 94 0 0 0 0 59 0 0 36 0 0 0 0 0 95 49 0 0 0 75 0 14 0 0 0 65 4 4 0 0 62 0 0 83 0 12 98 0 7 0 0 0 0 38 0 96 0 0 23 69 67 0 0 0 0 0 0 87 0 0 0 0 8 48 0 0 0 0 0 0 94 87 55 0 0 0 0 0 0 79 0 0 0 59 20 0 0 0 0 0 0 0 0 0 0 0 72 0 0 0 0 80 0 74 41 0 40 62 31 0 2 5 0 0 72 0 0 0 79 89 0 66 0 0 0 30 0 97 0 31 0 61 0 46 61 43 44 0 38 0 0 40 48 15 29 34 88 73 89 0 0 56 0 0 29 24 77 0 0 70 0 83 26 0 0 
0 13 0 92 0 0 88 0 66 0 0 0 0 12 82 0 0 0 11 0 0 0 0 58 0 28 0 0 0 0 0 0 100 98 0 5 0 0 0 0 0 0 0 0 0 0 0 0 0 0 0 0 0 0 0 67 0 0 0 0 0 0 0 0 0 0 0 67 0 0 0 0 92 0 0 0 0 0 94 0 0 0 0 0 0 0 0 0 0 91 0 0 63 0 60 0 66 0 63 0 23 0 0 0 0 37 79 83 0 79 47 0 0 0 0 0 0 0 92 82 46 52 4 16 0 53 0 2 48 0 51 73 59 0 63 41 32 71 0 0 57 14 80 72 57 85 0 66 74 0 0 0 11 0 0 23 0 76 0 0 67 25 51 14 0 86 51 
88 0 26 0 0 0 0 0 0 63 0 0 0 0 80 0 95 0 0 74 0 0 0 0 0 0 0 49 0 0 0 0 0 0 0 6 0 0 0 0 9 61 0 46 92 0 0 0 0 13 21 0 91 0 0 90 53 12 0 0 0 0 0 0 0 0 0 0 0 74 63 0 0 21 0 0 0 0 0 0 0 0 0 39 0 0 76 0 0 0 0 0 0 72 0 0 22 0 0 0 0 0 22 0 0 0 21 51 50 0 72 0 0 23 76 0 0 0 56 75 0 0 0 0 13 40 0 0 1 0 0 42 41 94 48 88 0 8 0 0 97 69 85 29 0 0 0 0 0 0 77 8 78 0 56 26 61 53 0 11 0 0 0 0 74 19 19 
0 79 13 0 0 0 0 0 0 0 0 0 0 0 0 0 47 0 6 99 0 0 0 0 0 78 0 95 0 0 0 0 0 37 0 44 0 0 0 0 0 0 0 0 0 0 0 0 62 7 11 74 67 0 0 0 0 58 0 0 74 0 0 0 0 0 0 0 15 0 0 0 0 0 0 69 0 70 0 0 0 0 45 0 0 0 37 0 0 0 0 35 0 95 67 0 0 41 34 0 0 0 0 0 20 0 24 0 64 0 0 16 22 50 0 40 0 0 60 82 0 0 82 72 61 0 0 0 13 96 0 0 32 30 99 16 58 0 56 43 0 0 0 0 21 16 0 0 0 24 7 87 11 48 0 0 21 0 0 0 73 46 0 58 69 0 95 
43 0 0 0 0 31 0 0 0 0 0 93 0 0 0 0 0 0 81 0 0 0 0 0 81 21 0 76 0 0 0 0 0 0 0 88 0 0 99 0 0 32 0 0 82 0 0 47 0 58 0 0 90 29 0 0 0 0 0 0 0 13 81 0 16 0 0 0 91 0 0 0 0 0 0 0 0 0 86 0 0 0 0 0 59 0 0 0 0 0 0 0 82 0 0 0 0 0 0 0 0 0 0 0 0 0 0 0 0 37 40 0 0 0 71 62 61 0 0 95 0 88 0 0 73 0 77 0 49 0 13 66 0 14 23 96 0 27 84 89 0 0 0 0 3 0 50 53 19 10 91 0 63 84 38 0 0 0 5 0 0 0 47 46 90 0 0 
7 85 0 0 0 27 0 52 0 0 40 0 0 0 0 0 0 0 96 0 31 0 94 0 44 0 0 0 0 0 0 0 94 0 0 0 0 0 0 0 0 0 0 0 0 95 0 0 0 0 0 50 0 47 0 0 8 0 0 0 0 0 0 60 0 14 0 0 0 0 0 35 0 0 0 53 20 95 0 0 63 0 0 0 0 0 0 0 0 97 0 0 0 0 0 0 0 0 19 0 41 0 0 0 0 0 31 0 0 0 0 15 45 0 0 0 0 31 10 0 0 3 38 0 81 0 0 21 9 0 51 96 0 0 0 0 0 87 0 24 0 0 0 75 3 0 27 19 4 0 57 39 40 19 18 0 78 0 0 88 25 0 35 0 94 47 34 
0 0 0 0 0 0 0 0 32 76 0 0 0 0 0 0 24 0 0 0 0 0 0 79 32 0 65 0 57 0 0 0 0 61 0 77 42 3 0 0 84 21 0 16 0 0 98 0 68 0 0 0 0 52 0 0 0 0 0 93 0 0 0 0 40 40 0 0 0 0 85 0 0 0 0 0 0 0 0 0 0 0 47 0 0 0 0 0 94 0 0 0 0 0 0 0 0 0 21 0 0 0 0 55 0 0 0 6 0 100 47 0 0 0 50 0 0 93 63 0 0 64 34 0 15 0 67 0 91 85 0 42 11 0 0 0 40 0 0 0 34 0 0 42 0 0 0 0 78 98 0 0 7 0 0 33 18 0 0 40 25 0 0 3 0 0 0 
0 0 0 0 0 0 0 62 0 4 0 0 0 19 52 0 0 97 39 68 0 71 0 61 0 0 0 0 96 0 66 27 0 0 0 78 0 0 0 0 0 0 0 0 0 0 0 0 81 0 0 0 0 0 96 0 0 0 0 0 0 0 34 0 0 0 0 97 0 0 0 0 0 0 0 0 0 0 68 0 0 0 0 0 0 0 0 0 0 0 0 0 0 10 0 0 0 0 33 0 0 0 0 0 0 30 0 0 0 0 99 36 23 30 0 0 47 100 89 80 0 22 0 0 49 73 90 0 65 0 25 96 21 0 39 52 8 32 0 9 67 96 22 31 0 10 0 0 0 90 0 0 20 0 0 91 0 48 16 0 91 0 0 45 90 36 0 
0 0 0 0 0 0 0 0 91 0 0 0 0 0 0 0 0 0 5 54 0 0 0 0 0 0 0 29 0 0 0 0 0 0 0 44 0 0 0 0 0 0 62 0 0 0 0 0 0 0 0 0 0 0 61 0 21 60 0 0 0 0 41 12 65 24 0 50 54 0 0 0 0 0 0 0 0 0 0 77 32 74 73 0 42 0 31 91 34 0 0 0 0 0 0 0 0 0 0 0 0 0 0 0 0 87 0 0 0 0 0 0 46 10 22 0 100 55 0 32 92 68 85 33 0 56 67 0 0 53 93 0 0 19 42 6 24 1 0 54 0 37 70 0 0 10 0 18 0 42 47 0 83 0 0 8 0 92 33 0 0 50 0 58 74 0 0 
0 0 78 0 45 0 73 0 0 0 0 0 0 0 81 25 0 0 0 38 0 0 0 0 0 54 0 93 0 40 0 0 10 0 0 0 0 0 0 0 14 0 60 0 0 100 0 0 16 0 0 0 75 0 0 0 0 0 0 0 0 0 0 56 14 0 0 0 60 0 37 0 0 0 1 0 38 0 2 75 0 0 0 60 0 0 98 0 0 0 0 0 0 0 0 0 0 0 0 0 0 82 27 29 0 0 12 0 25 0 49 0 51 0 0 0 0 0 0 70 0 0 9 84 5 22 87 0 85 0 96 0 0 0 0 82 17 88 73 0 0 0 33 0 0 65 0 78 93 0 90 0 2 11 88 100 21 0 0 0 0 88 0 91 0 0 0 
0 0 0 0 0 0 0 0 0 0 0 0 0 0 0 4 0 62 46 0 0 0 22 26 0 0 44 81 95 0 0 0 0 98 0 0 0 0 0 0 0 0 0 76 43 48 33 0 0 0 36 3 0 0 0 0 16 80 0 0 0 0 0 3 0 35 0 0 0 0 0 81 0 0 0 67 0 0 35 0 55 0 0 0 72 0 82 84 0 0 97 0 36 48 0 0 0 0 0 0 0 62 0 0 0 0 0 0 0 0 0 0 0 0 0 0 0 12 67 0 0 69 0 29 0 0 51 63 40 96 90 0 25 43 65 0 72 0 0 0 49 0 0 82 0 26 0 0 0 80 0 66 87 0 0 72 17 0 37 0 69 0 9 0 60 42 0 
4 0 0 0 1 0 0 24 0 0 0 55 0 0 62 91 0 30 50 0 40 70 87 0 0 0 0 59 83 0 82 0 72 0 0 0 0 50 0 0 41 0 0 0 0 0 0 0 0 0 26 0 0 0 70 68 0 0 10 0 0 0 0 0 0 0 0 0 0 0 0 4 0 0 0 0 0 0 0 92 81 0 0 0 87 0 45 0 69 49 0 25 0 0 0 0 0 0 0 0 0 0 0 0 0 0 0 3 0 0 0 48 71 0 0 48 0 0 88 0 0 0 97 0 0 0 64 32 0 0 0 0 0 0 52 0 0 84 24 0 0 0 12 0 91 0 0 0 37 0 0 56 0 54 0 0 0 0 0 0 61 70 49 68 0 42 0 
0 0 36 59 0 9 0 0 0 0 0 0 0 39 0 0 0 0 0 0 0 0 0 0 0 0 0 0 0 0 0 0 0 0 98 0 0 0 0 34 0 0 0 0 15 79 0 0 50 92 48 0 0 0 0 0 0 0 58 0 0 0 0 0 61 84 0 0 0 0 1 0 0 0 0 0 75 0 0 0 0 91 93 0 0 0 0 0 0 0 0 0 0 0 0 0 0 0 0 0 15 0 90 69 0 0 0 0 0 25 0 0 0 0 0 0 27 0 66 33 49 42 0 0 0 0 13 0 75 57 71 11 38 50 0 60 0 0 0 98 0 67 0 6 0 0 95 0 8 0 84 9 21 0 41 80 0 0 24 0 15 100 0 59 75 84 70 
37 44 83 0 0 0 0 0 0 0 41 0 99 0 0 0 0 0 32 0 77 0 0 0 0 0 0 44 0 81 0 0 0 56 0 95 0 0 0 0 0 45 0 0 0 10 0 58 0 0 0 79 95 17 0 0 50 0 0 64 0 0 0 0 0 0 0 0 0 0 69 27 24 0 50 21 0 0 74 88 0 0 0 59 0 0 0 0 90 85 0 2 0 0 0 95 0 0 0 86 0 0 44 0 53 0 0 0 0 28 0 50 0 0 56 0 74 57 0 0 58 0 0 60 0 0 64 0 39 20 0 93 27 73 0 0 74 4 52 80 98 0 0 0 0 97 91 0 0 86 0 85 27 0 0 83 0 43 0 65 87 0 10 96 0 41 0 
0 0 0 0 85 81 59 7 8 0 80 8 0 92 60 87 8 0 0 0 56 0 7 48 0 0 0 0 0 0 0 0 0 0 0 0 0 0 33 0 0 36 70 0 0 0 0 0 20 0 0 0 0 0 0 0 0 54 0 0 0 0 0 0 0 0 0 0 0 0 0 0 44 0 39 0 74 0 26 82 0 64 0 0 0 0 0 0 98 0 69 78 0 0 0 0 75 0 74 0 54 79 0 0 33 28 0 66 0 0 0 98 0 59 0 0 0 0 79 26 0 0 82 82 0 47 0 0 55 0 0 0 5 0 0 0 50 89 52 0 40 46 85 0 0 0 0 0 0 0 66 0 0 0 0 0 32 0 81 34 5 89 60 0 0 67 70 
42 3 88 0 0 0 28 0 0 0 0 0 0 55 5 1 0 0 72 0 0 0 0 81 0 0 0 0 82 0 0 0 0 0 0 0 0 0 77 0 0 0 0 0 0 71 0 0 0 0 50 49 0 0 0 67 92 74 0 0 0 48 66 0 61 58 0 89 0 0 0 70 0 0 0 0 0 0 0 0 80 0 0 0 0 0 0 94 62 0 20 0 0 0 0 0 0 33 0 0 12 99 87 0 0 0 76 0 0 0 0 0 0 74 0 0 0 0 0 12 34 0 5 0 0 0 0 63 0 0 42 0 9 0 0 0 0 89 51 0 0 0 54 17 0 0 49 0 0 51 45 0 0 1 90 0 60 76 42 17 68 0 82 0 0 0 0 
0 0 0 0 0 13 0 0 0 94 0 0 0 0 0 0 0 0 0 0 0 0 0 0 0 78 0 0 0 0 0 0 0 0 97 5 0 38 0 0 0 0 0 0 0 0 0 0 0 0 46 0 0 0 0 33 0 73 0 25 0 0 0 78 0 0 0 0 0 89 0 0 0 0 0 0 0 57 0 0 0 0 0 0 0 0 0 0 0 0 0 0 14 0 75 46 0 23 0 0 0 0 89 0 0 0 0 0 0 0 56 14 0 0 0 0 0 72 0 57 90 0 99 94 14 95 100 84 95 0 51 76 37 0 0 57 31 53 95 0 0 53 0 82 0 39 0 0 0 36 73 69 39 85 0 59 0 53 0 0 5 81 57 27 42 0 0 
0 0 0 0 0 30 0 10 0 0 4 0 0 0 0 0 0 0 0 0 0 0 0 0 0 46 0 0 0 0 62 46 0 0 33 0 0 0 0 56 71 0 94 17 0 0 0 0 0 0 0 0 82 66 0 0 26 0 0 0 0 0 0 0 0 0 0 0 22 13 0 0 0 0 0 11 0 0 0 0 0 0 76 0 86 0 55 0 0 0 0 0 0 7 0 0 0 0 0 0 45 0 6 0 0 0 0 28 0 0 0 0 48 82 0 59 0 0 0 0 0 0 61 98 10 56 0 45 0 0 71 0 0 0 15 0 35 62 0 0 0 72 87 20 10 0 0 0 0 32 85 0 0 97 89 84 0 90 0 41 0 40 0 41 0 0 77 
0 0 0 0 0 0 0 73 17 0 59 0 36 0 35 0 0 0 0 0 0 0 0 0 0 45 71 77 0 0 0 0 0 10 52 18 0 67 0 0 76 0 0 0 0 0 0 92 0 0 0 0 64 80 0 50 48 0 0 0 50 43 0 0 0 31 0 75 0 0 73 53 0 0 99 0 0 0 0 0 0 0 0 0 0 0 0 0 0 73 0 56 1 0 0 0 0 0 0 0 0 0 0 0 0 0 93 46 0 28 0 12 85 0 0 0 0 0 0 80 0 0 0 0 0 0 14 64 65 45 5 31 34 0 0 79 58 0 10 94 0 11 100 45 1 0 0 0 0 60 0 45 40 68 0 55 0 0 0 0 66 0 71 0 86 32 0 
0 0 0 0 0 0 0 32 0 22 0 0 0 0 16 0 79 77 0 22 0 0 0 0 0 0 0 0 0 33 20 0 0 0 0 0 0 0 0 5 0 0 0 93 0 2 0 0 0 0 45 0 0 0 0 66 0 0 0 99 0 0 83 0 0 0 0 0 0 0 0 0 0 0 0 38 97 57 0 0 0 0 0 0 79 0 0 0 92 76 26 0 0 0 0 0 0 0 19 0 98 0 0 0 33 3 0 0 0 0 0 0 0 27 0 80 0 0 0 0 6 0 93 45 0 0 0 0 0 88 0 0 16 76 24 0 0 52 77 0 0 0 78 0 78 0 0 0 0 39 80 33 10 12 67 29 81 0 58 0 0 0 0 95 75 0 12 
85 0 0 0 51 0 0 70 8 0 0 57 0 0 0 0 0 55 0 0 44 0 0 0 0 0 13 0 0 0 0 74 0 33 0 0 0 0 44 33 0 0 0 0 56 0 74 0 72 0 0 0 0 0 4 0 0 0 0 0 0 0 0 0 90 65 0 55 0 98 0 84 0 0 0 0 19 0 0 0 0 0 3 0 0 0 0 0 0 0 0 0 0 0 0 0 0 11 0 0 0 0 8 0 33 0 45 0 0 14 0 0 36 0 0 3 0 0 0 0 0 0 0 0 32 0 0 0 88 6 56 52 8 67 87 0 55 0 3 92 0 0 0 31 0 9 0 52 78 57 38 63 13 0 60 0 0 0 0 46 12 77 0 17 0 40 0 
82 10 0 26 0 0 11 0 0 0 29 90 0 0 85 0 0 0 0 0 0 0 0 21 0 0 0 60 55 23 0 0 0 0 0 0 0 2 0 0 0 0 55 59 0 0 79 4 0 0 0 0 0 0 0 87 0 16 7 0 39 0 35 61 0 75 0 0 0 60 0 0 21 0 0 0 0 0 0 51 0 0 0 0 0 82 0 35 0 7 52 0 0 0 0 0 0 0 0 36 0 0 0 0 0 0 0 31 84 0 0 0 0 0 0 0 0 0 0 0 0 0 0 0 0 70 22 25 38 15 0 54 0 0 0 53 65 40 57 18 0 0 0 0 26 0 81 15 44 0 0 98 0 0 0 65 37 0 14 33 0 38 0 82 57 8 76 
0 0 0 0 73 0 0 33 0 0 0 0 0 2 0 0 0 0 68 0 0 34 0 0 12 0 0 39 51 77 0 94 0 0 0 0 0 0 0 0 0 0 0 0 0 0 0 0 0 0 0 0 23 47 0 94 0 0 0 0 0 0 34 0 0 0 78 0 0 0 0 0 0 0 0 0 0 0 0 0 0 0 0 0 10 39 69 0 0 0 0 0 0 6 0 0 0 0 0 0 62 0 63 0 0 0 0 0 0 0 0 0 12 0 39 0 0 0 0 0 0 0 0 0 0 0 10 0 41 0 0 29 0 0 0 0 0 0 54 88 0 0 16 0 35 86 69 0 39 66 0 25 0 18 50 0 0 74 15 87 0 30 74 67 0 23 80 
0 0 0 0 60 0 0 0 0 0 33 0 0 0 0 68 0 0 0 35 0 0 0 0 0 85 0 0 0 0 0 99 0 0 0 0 0 0 0 0 0 0 0 0 0 0 0 0 0 0 0 0 9 0 0 0 0 0 0 52 0 0 65 14 0 0 0 0 96 0 0 0 21 0 0 60 91 0 7 0 0 0 51 0 89 0 5 0 0 29 0 0 45 0 0 7 0 0 0 0 0 8 0 0 0 65 0 70 0 0 0 0 42 1 0 38 0 83 0 0 0 0 25 0 0 0 57 0 6 0 94 67 81 0 0 0 51 0 0 0 93 0 0 43 0 0 69 0 0 0 38 92 0 100 39 43 98 92 55 19 0 53 26 0 52 49 97 
0 0 0 0 0 0 50 98 0 13 0 0 0 0 83 0 0 0 31 0 0 77 0 0 0 0 0 18 0 0 0 0 52 81 0 0 0 0 0 15 0 40 0 0 0 0 0 0 0 0 3 0 20 79 77 95 0 56 0 0 48 0 0 0 0 34 0 0 37 0 0 0 0 49 0 5 0 94 0 62 0 0 0 0 0 0 0 0 63 0 0 0 0 0 0 0 0 63 91 25 0 0 88 61 13 0 0 0 0 0 0 0 0 0 0 0 0 0 0 0 0 76 85 0 0 0 0 37 0 0 7 0 0 0 0 0 9 40 0 0 0 55 0 0 0 0 14 0 0 7 64 52 0 0 55 29 0 15 0 38 74 0 0 0 7 0 100 
0 0 7 0 0 0 0 0 0 0 0 0 0 39 0 0 0 52 3 0 0 12 0 45 0 0 0 87 79 25 0 0 66 0 0 0 0 0 0 0 0 0 0 0 0 0 52 67 0 0 0 48 0 77 0 0 80 9 0 35 0 0 0 0 0 0 49 0 0 0 0 0 0 65 0 0 0 0 0 0 63 0 0 26 46 0 0 0 8 0 22 0 0 0 0 0 0 0 46 0 0 0 0 0 78 9 0 0 0 0 89 0 0 0 97 0 16 0 0 0 0 80 34 0 97 0 0 0 45 0 12 0 0 0 0 46 0 0 98 58 80 0 0 0 3 71 68 31 0 0 0 0 73 74 0 0 0 83 0 0 25 0 98 7 0 0 72 
0 62 0 0 0 0 0 0 20 46 0 18 89 20 0 0 0 0 0 0 0 0 0 0 0 40 90 0 0 0 0 0 22 0 0 0 0 0 0 0 0 0 42 0 0 93 87 0 0 0 0 0 0 0 0 0 79 0 0 3 17 0 42 0 78 0 0 0 0 0 0 83 0 0 0 18 28 11 0 9 52 27 0 71 0 0 0 0 0 0 0 0 0 41 30 51 0 92 0 0 68 96 39 0 0 0 0 0 0 0 0 0 0 0 0 0 0 43 0 0 0 0 0 0 0 0 73 0 0 0 0 52 66 0 95 23 12 0 0 0 74 0 0 0 87 20 0 43 0 54 62 2 0 89 49 44 61 49 73 35 0 0 83 40 0 23 0 
46 75 26 0 0 0 0 70 0 0 0 0 0 6 0 0 0 0 16 0 0 0 0 0 0 0 0 0 0 0 0 65 37 0 0 0 56 0 0 0 0 0 56 99 0 90 0 0 0 0 0 0 0 36 0 0 0 31 0 0 27 0 0 0 11 0 0 0 0 0 80 5 82 0 47 0 89 88 0 0 12 35 0 0 0 0 12 99 64 0 0 0 0 0 0 0 63 0 42 0 0 37 0 0 0 0 87 70 0 0 0 0 0 8 0 0 7 47 0 0 0 0 0 0 50 0 27 0 0 0 0 51 79 0 0 0 11 0 0 0 0 90 37 98 51 0 0 0 0 73 54 40 0 0 35 0 72 37 0 97 0 0 21 52 0 0 88 
0 0 0 0 0 0 0 0 83 29 0 0 6 0 0 0 0 0 96 0 0 76 0 7 0 0 0 0 0 0 0 32 0 0 0 0 0 0 0 30 0 0 0 0 0 0 0 0 0 0 0 0 0 0 0 50 2 9 0 0 16 0 0 0 0 0 82 11 0 0 0 0 0 16 0 0 9 0 0 0 0 49 0 0 0 0 64 0 0 0 0 0 0 0 63 0 0 0 0 0 0 18 0 0 0 3 0 0 0 0 0 0 0 0 0 0 0 0 0 0 0 91 0 19 15 0 0 0 10 83 0 0 43 84 26 90 0 0 11 6 0 0 0 0 65 38 33 0 0 65 37 35 0 0 92 48 0 14 6 0 0 83 0 30 48 46 74 
0 0 7 0 0 17 16 0 0 0 12 0 0 0 65 0 0 0 0 0 40 0 0 0 0 0 0 0 0 0 0 0 93 21 0 0 0 0 0 0 0 0 0 0 0 60 0 46 0 45 1 0 47 0 0 85 0 79 0 0 0 0 0 0 0 0 4 0 9 55 0 0 0 0 0 1 32 0 0 0 0 0 0 0 0 0 0 0 0 0 0 0 86 0 44 94 64 0 48 87 38 0 0 0 0 0 0 0 0 0 0 96 8 15 0 0 0 0 0 0 0 0 0 0 0 0 78 0 0 0 0 0 0 36 91 0 0 0 37 0 40 85 4 47 4 38 41 0 94 0 0 63 0 0 0 5 54 95 31 54 94 0 67 78 99 0 0 
0 0 0 0 8 0 9 0 0 13 0 0 0 0 0 0 0 0 0 0 45 0 0 58 0 0 0 0 12 0 0 48 0 0 0 0 0 0 35 30 0 81 0 0 0 42 0 28 0 0 0 0 0 0 49 20 0 0 0 0 0 3 0 0 0 0 0 0 19 0 0 0 0 0 82 0 0 0 18 0 0 0 0 0 0 0 49 0 0 0 78 0 50 61 0 0 64 0 0 40 0 0 0 0 0 0 0 0 0 0 0 0 0 21 0 0 0 0 0 52 0 0 0 0 0 0 29 0 0 0 0 60 0 0 30 0 0 68 59 18 16 0 55 0 32 0 0 57 0 0 92 0 0 63 69 0 78 5 0 0 0 61 0 37 28 59 0 
0 6 20 44 76 0 0 0 0 5 20 0 0 0 44 33 0 0 0 0 0 0 0 14 21 0 0 0 0 59 52 0 0 0 0 0 32 0 0 0 64 32 0 0 0 0 0 80 0 0 0 0 0 0 0 0 0 15 0 0 0 37 0 0 0 0 0 0 0 0 0 63 0 0 0 0 0 62 0 0 0 0 0 0 49 0 0 0 0 0 40 0 61 0 0 0 0 0 0 28 0 31 0 97 0 0 0 0 31 0 0 23 0 51 0 0 0 15 66 61 57 0 0 54 0 0 0 0 0 0 0 0 81 0 52 86 0 0 4 90 78 0 0 0 0 0 2 23 0 25 50 32 50 0 0 7 49 0 65 0 0 41 0 100 0 0 0 
0 0 62 0 0 0 33 13 0 0 0 40 0 0 0 0 0 0 0 0 0 0 0 0 91 0 98 0 0 0 9 0 0 0 0 71 0 85 19 0 0 0 30 0 0 0 0 0 0 0 0 34 0 17 0 13 86 45 0 0 35 0 0 37 0 97 0 0 0 0 66 0 0 0 0 0 81 0 0 0 55 53 0 53 0 0 0 23 0 0 0 0 0 0 0 0 0 0 0 0 0 0 0 0 0 0 0 0 82 0 0 0 0 0 0 11 84 6 35 0 46 0 0 0 0 0 0 48 0 55 0 0 0 0 0 0 67 64 0 100 0 0 0 82 0 41 34 92 27 81 0 0 73 0 0 0 0 0 0 59 0 16 0 0 0 40 89 
83 48 0 0 0 0 0 0 0 0 0 78 0 0 44 0 44 0 0 83 0 0 0 0 0 0 0 0 0 0 0 0 0 0 0 0 0 54 0 20 0 0 0 19 0 28 89 81 4 0 0 38 9 0 0 0 73 0 0 0 91 0 0 0 0 0 0 0 74 0 0 0 85 0 0 0 79 0 0 0 0 53 0 0 54 0 47 0 54 0 0 13 59 0 0 0 66 0 0 0 0 24 0 0 0 0 0 0 0 0 0 0 77 12 0 22 0 0 0 0 0 16 0 0 0 78 0 0 0 0 0 83 60 0 0 0 20 71 17 93 1 62 73 0 49 0 67 67 0 32 84 0 0 0 65 0 3 0 0 79 63 90 5 0 0 47 0 
57 83 0 0 0 75 0 0 0 0 0 0 0 0 0 0 0 0 0 0 74 95 0 97 9 0 54 0 58 0 0 4 0 0 85 0 0 6 17 0 1 0 19 0 38 0 0 0 33 0 0 0 0 73 0 7 0 0 81 0 0 0 0 46 0 99 0 25 0 0 39 0 0 0 0 99 43 3 0 0 11 99 0 0 0 70 0 0 0 0 0 0 0 0 0 34 28 33 0 0 37 0 0 0 87 0 0 0 0 0 0 0 0 6 82 0 0 21 0 0 0 52 0 0 100 0 0 0 0 0 0 58 0 51 0 0 0 0 0 10 30 96 0 38 98 0 24 0 0 0 0 88 98 67 0 0 31 0 0 0 49 0 0 91 5 6 0 
0 0 0 0 0 0 98 11 77 0 0 0 0 0 0 0 0 0 0 0 78 77 43 0 0 0 0 0 0 0 39 0 0 0 69 0 0 0 0 64 0 0 0 0 4 0 0 92 0 0 0 0 0 17 36 0 0 0 0 49 0 0 0 0 0 0 47 26 10 0 0 0 0 2 0 0 0 0 0 0 84 10 0 64 52 0 48 0 92 0 0 72 0 0 87 41 30 0 0 0 0 0 0 0 0 50 0 0 0 0 0 0 34 0 54 0 0 0 0 0 25 0 0 0 0 0 0 0 56 19 0 0 0 95 0 0 0 0 81 0 0 71 66 3 0 66 64 66 35 0 0 0 0 35 0 98 0 7 0 39 0 0 25 0 61 61 0 
0 0 13 0 0 0 0 0 0 40 40 0 0 25 0 0 0 0 0 0 0 0 28 0 47 0 0 0 0 0 40 0 0 0 0 0 0 0 77 0 0 0 41 0 0 0 0 16 49 0 67 0 0 0 0 0 28 0 39 0 0 0 67 0 18 36 0 32 0 0 0 0 0 0 0 0 0 0 0 0 80 0 0 0 0 0 0 70 0 0 0 9 0 10 0 0 0 0 0 0 0 93 0 42 16 0 0 0 23 74 72 0 0 0 0 0 0 0 0 0 0 0 0 0 0 0 0 0 5 0 0 0 0 0 39 0 0 0 0 0 0 37 0 28 31 0 0 0 0 72 13 47 59 81 55 88 0 9 58 0 85 37 0 13 50 47 0 
18 0 0 0 80 0 0 0 0 34 0 0 90 0 0 53 0 36 0 0 0 0 0 0 29 93 0 0 0 0 0 0 0 100 0 0 0 0 0 11 0 62 53 0 0 0 0 0 5 0 0 0 79 0 0 0 0 0 0 0 71 12 0 71 0 0 0 0 0 10 85 0 0 92 0 66 0 75 0 0 0 0 11 0 0 0 96 0 94 0 0 0 58 80 0 43 0 54 0 0 51 0 0 0 46 0 0 0 0 0 0 62 0 0 0 0 0 0 33 0 0 0 0 0 0 0 71 0 0 88 0 45 0 0 0 0 0 0 0 0 87 37 0 0 93 96 0 79 91 0 0 0 0 0 66 15 75 14 0 26 79 0 48 2 64 75 0 
0 0 0 0 0 0 86 0 0 0 0 0 0 79 0 0 0 0 0 0 0 0 0 0 12 43 0 45 0 15 0 0 31 23 0 0 0 85 0 29 0 39 9 0 0 0 0 22 6 0 16 49 0 0 0 0 0 0 40 0 0 27 0 40 0 22 0 93 0 0 37 67 0 0 0 0 61 65 0 0 0 78 0 0 0 0 48 0 0 0 0 0 0 0 12 95 0 50 0 0 0 17 0 0 0 0 59 47 0 0 0 0 0 11 0 0 0 79 0 35 0 0 30 0 8 0 55 0 0 4 0 0 0 0 0 0 0 0 33 0 0 50 0 6 22 28 0 17 24 64 0 73 0 61 34 0 0 32 0 0 0 20 0 0 0 15 0 
0 0 0 0 21 0 50 0 10 87 0 0 55 0 67 67 0 0 40 0 0 0 0 63 57 50 0 0 0 0 0 0 0 23 0 0 0 0 13 30 0 3 0 0 0 0 0 0 0 0 0 0 0 0 0 67 0 44 0 50 0 0 0 0 0 0 85 0 0 0 0 0 0 0 0 0 0 0 0 0 0 0 0 0 0 0 0 63 0 0 0 0 58 0 90 92 0 0 0 0 0 58 0 0 0 0 11 0 0 0 0 24 0 20 0 0 0 41 0 0 0 0 42 0 59 36 0 0 60 0 99 0 0 0 53 0 0 0 0 0 0 0 0 77 0 0 0 40 65 36 0 71 60 65 5 0 49 0 0 89 0 22 0 0 0 70 85 
0 0 0 98 0 0 0 0 0 31 70 68 0 0 0 0 0 0 9 0 0 0 0 0 15 0 0 23 0 0 17 0 0 0 0 0 15 1 0 0 0 100 46 37 0 0 0 0 87 0 0 76 0 0 0 0 0 0 0 0 0 0 0 0 80 0 0 0 0 0 0 0 100 0 0 0 46 67 56 42 76 0 0 0 0 0 0 54 0 10 31 0 0 13 0 21 50 0 0 0 0 15 0 0 0 0 79 3 85 0 0 0 83 0 0 71 0 0 0 0 0 0 78 0 0 0 0 0 95 0 0 0 0 26 27 0 0 0 0 57 82 94 0 68 84 5 29 0 99 4 0 71 0 0 0 17 45 0 0 0 68 0 54 59 6 0 0 
0 0 0 0 54 35 0 89 0 0 0 0 0 0 0 0 0 0 0 3 1 0 0 0 0 0 0 0 12 11 0 0 0 43 0 95 0 0 0 0 0 91 0 0 98 0 48 0 0 0 0 0 39 99 7 0 69 0 0 0 0 0 0 60 0 33 94 0 0 0 0 19 0 0 0 0 0 0 0 0 69 99 0 1 0 0 23 36 0 0 0 48 0 0 0 81 61 0 0 0 0 76 0 0 0 0 33 0 0 0 0 0 0 65 0 0 69 0 0 0 0 0 0 0 0 0 0 98 97 0 0 0 0 0 0 0 0 0 0 24 0 0 0 0 54 0 0 46 0 70 0 0 0 68 0 0 17 0 0 0 0 0 0 74 0 0 22 
0 0 66 0 0 0 0 0 0 0 0 5 17 0 0 11 0 0 0 0 30 0 24 0 0 0 0 0 57 79 0 0 66 0 86 71 0 0 0 0 0 0 0 0 0 0 88 0 0 0 0 0 0 0 0 0 85 80 0 0 0 0 0 0 0 11 0 0 0 0 98 0 0 0 0 70 13 0 0 45 0 0 0 0 0 0 0 0 0 0 30 0 0 45 4 0 10 0 30 44 65 0 0 0 68 0 0 0 0 0 0 75 46 0 61 0 88 0 57 0 0 0 0 0 0 0 87 0 0 0 0 0 0 0 0 0 0 0 0 0 0 0 0 0 0 30 0 3 60 0 76 0 0 100 0 0 84 0 34 0 81 0 96 74 0 33 0 
0 0 0 0 0 0 0 0 0 0 0 0 38 0 46 0 36 0 0 0 0 0 0 0 95 95 0 0 0 0 0 0 0 0 0 0 0 83 0 0 0 0 91 22 51 0 0 0 0 24 0 90 0 0 0 0 0 0 0 0 0 15 0 0 0 0 0 0 0 0 13 5 2 0 0 0 0 83 0 0 0 0 0 0 0 0 76 0 56 0 0 0 0 0 0 0 0 0 0 73 0 0 0 0 0 0 16 0 0 0 0 0 0 21 91 0 83 29 0 71 0 0 0 12 0 2 9 0 0 0 0 0 41 0 0 1 0 0 0 0 0 43 0 7 0 0 20 44 55 62 84 0 86 0 82 79 0 62 0 0 50 32 70 0 41 48 0 
0 0 0 0 0 62 0 0 0 0 0 67 59 0 0 46 0 67 63 0 0 0 95 97 0 90 27 0 0 7 0 53 67 0 0 0 0 0 4 0 0 79 0 0 0 0 0 60 96 0 0 0 0 0 96 0 0 0 11 0 0 58 0 0 0 0 0 57 0 0 0 5 91 0 0 0 11 61 2 70 81 64 0 0 0 0 0 0 0 0 70 0 0 0 0 0 66 1 74 56 0 0 0 0 0 0 0 0 58 0 61 0 0 0 0 0 10 0 0 45 0 0 0 0 0 0 0 0 0 0 0 0 0 0 0 0 0 0 67 0 0 0 0 0 0 0 0 0 29 0 96 19 0 28 22 0 0 0 0 0 27 45 48 23 71 78 0 
0 0 0 0 0 0 19 0 0 0 0 0 0 19 0 0 0 0 0 94 0 0 0 0 0 0 0 0 0 21 0 39 0 0 0 0 0 0 0 0 0 0 0 94 0 0 0 0 0 0 0 0 0 63 41 53 86 0 0 0 0 0 56 0 44 0 0 61 0 0 18 5 0 36 0 0 0 0 96 17 0 0 0 0 0 67 0 98 0 0 33 15 0 0 0 0 0 0 75 0 89 0 0 0 0 0 0 0 18 28 0 0 22 0 85 0 0 0 52 74 0 0 0 0 41 28 0 0 0 32 78 0 0 0 0 0 62 0 0 0 0 0 14 0 0 0 0 0 99 82 0 0 0 44 67 0 57 0 11 93 75 0 16 0 65 96 81 
0 0 0 0 0 0 0 0 47 0 0 0 90 0 0 0 0 0 0 0 0 0 0 0 0 0 0 0 0 0 0 0 0 0 0 0 65 0 99 0 0 0 0 0 0 0 0 0 0 0 0 0 0 78 48 0 0 0 0 0 0 61 22 0 0 0 0 26 66 0 0 0 0 0 0 0 0 60 0 0 0 0 32 0 0 0 25 0 0 93 0 0 0 0 0 0 40 61 0 0 0 0 0 0 28 0 0 0 0 0 0 0 0 0 0 11 55 15 69 0 21 48 0 0 0 0 0 0 0 55 0 0 77 41 0 10 96 0 39 0 0 0 0 13 0 0 0 0 0 0 0 0 0 0 0 0 80 0 59 74 9 85 0 0 0 0 0 
0 77 0 0 0 0 0 0 69 0 23 14 0 0 0 0 0 0 41 0 26 0 0 0 76 0 0 5 0 0 41 38 73 0 15 0 0 0 0 0 0 53 0 0 60 0 93 0 47 0 0 0 0 0 0 0 0 0 0 0 34 0 0 0 0 0 0 61 90 0 0 0 0 0 0 0 0 0 0 0 0 0 0 0 0 0 0 38 0 0 0 0 0 0 0 15 0 0 0 0 41 0 0 0 0 0 0 0 0 0 0 0 0 0 0 0 0 0 0 0 0 0 0 0 0 0 0 25 0 0 0 0 92 0 0 0 0 0 0 68 0 0 0 0 0 0 57 0 54 0 14 21 0 0 0 0 0 73 22 35 0 0 0 0 0 0 27 
0 0 0 0 0 62 0 0 85 0 28 0 0 0 0 0 25 0 20 74 0 0 0 0 0 0 0 0 89 0 81 0 0 0 0 74 0 0 0 0 0 0 0 0 0 0 0 94 0 47 48 0 0 0 33 0 71 0 0 0 0 0 0 0 0 0 0 0 0 0 0 0 0 0 0 50 37 0 0 0 0 25 67 0 0 0 0 0 0 68 0 0 0 0 0 0 0 0 0 0 0 0 0 0 0 0 0 0 0 0 0 0 93 0 0 13 0 0 0 0 0 0 0 74 0 0 0 97 0 0 0 0 0 0 47 0 0 0 0 85 0 0 73 92 0 0 0 0 0 0 0 83 0 22 18 0 0 0 77 0 0 0 0 35 0 0 0 
0 0 86 0 0 0 0 88 0 0 57 0 0 0 0 0 0 100 0 0 45 0 0 64 0 0 0 0 0 0 0 29 0 0 0 0 0 0 82 0 87 79 0 0 0 0 60 0 0 80 0 0 25 60 0 0 0 0 0 30 0 0 0 0 0 0 67 0 0 56 1 41 52 0 56 32 0 14 0 26 0 0 15 0 0 44 0 0 25 0 0 0 0 0 0 0 0 0 0 0 0 0 76 100 0 0 0 0 96 0 11 13 0 0 0 0 0 0 0 90 0 0 0 0 0 0 0 82 0 0 0 0 78 0 0 0 0 0 0 31 0 0 0 97 6 68 0 0 0 0 0 0 60 0 48 0 83 54 0 0 0 0 0 0 0 0 24 
90 16 0 0 0 0 50 31 0 0 0 0 0 0 0 0 0 7 90 0 0 0 0 0 0 58 0 0 0 25 17 0 0 0 0 0 0 0 0 0 47 0 0 38 0 0 0 0 0 5 0 0 5 0 0 0 0 29 0 0 0 37 0 0 21 78 0 0 32 0 0 0 0 0 0 0 91 0 0 57 0 0 25 0 71 0 90 0 0 0 0 0 0 0 85 0 0 0 0 0 0 0 80 0 0 0 0 0 0 0 0 0 0 0 0 0 0 95 0 0 0 0 0 28 0 0 100 0 0 64 0 4 0 0 0 0 0 0 0 40 0 0 0 43 70 0 53 0 50 0 60 0 0 0 0 0 24 0 97 0 0 77 0 6 0 21 0 
0 85 44 0 32 0 0 0 0 96 67 0 40 48 0 0 0 0 95 0 19 0 0 64 0 0 69 0 0 0 0 0 0 55 0 0 0 0 0 0 0 6 88 0 0 0 0 78 0 0 56 0 0 0 0 0 0 0 0 0 0 29 0 0 0 0 0 0 35 0 0 0 0 0 0 0 0 6 0 0 35 0 80 0 0 0 0 52 0 0 16 0 0 0 74 0 0 0 0 0 0 0 0 55 16 0 0 0 16 0 0 0 0 0 0 24 0 0 0 0 0 0 0 70 0 0 14 0 0 37 41 0 0 0 0 38 0 0 0 0 0 0 85 0 0 0 0 0 0 0 0 0 99 0 0 0 22 0 0 73 39 0 1 25 0 68 0 
0 0 0 56 95 0 0 0 0 28 0 0 0 2 0 0 49 0 0 0 27 99 0 0 0 0 0 23 0 25 0 0 0 8 0 0 0 0 0 0 0 0 71 0 0 0 0 0 0 0 0 1 0 0 0 28 26 15 0 0 41 0 0 0 0 0 62 0 0 0 52 0 0 0 80 0 0 0 92 0 0 0 0 60 0 16 0 96 52 48 0 0 0 69 30 0 0 0 97 0 0 85 0 0 0 0 0 0 0 90 0 0 0 0 0 20 0 0 68 0 38 0 0 74 0 0 0 0 0 0 0 42 0 26 0 0 0 0 0 0 0 0 0 86 0 0 0 0 9 0 0 0 0 0 0 34 0 53 0 0 31 0 2 0 0 84 91 
0 44 0 28 93 95 55 17 0 0 0 0 0 81 0 0 0 97 7 0 80 99 0 0 0 0 0 0 0 0 50 0 0 0 73 0 0 37 0 0 46 0 0 0 0 0 0 0 0 0 0 0 34 0 35 0 0 0 82 0 71 90 11 0 0 82 0 0 0 37 0 0 0 0 0 0 0 0 0 97 0 0 26 0 0 38 0 67 0 0 0 0 0 0 70 0 0 0 0 0 74 0 1 0 0 28 10 0 0 0 0 0 0 62 0 0 0 27 0 0 0 0 0 0 4 0 0 0 0 82 0 0 0 0 12 96 89 0 0 0 0 0 0 85 49 0 0 69 5 0 62 0 0 68 0 0 100 0 2 0 49 30 9 11 0 48 54 
0 77 0 0 0 80 97 0 0 0 0 0 0 0 0 0 0 82 0 0 62 0 0 0 0 0 0 91 0 0 0 0 13 0 0 0 0 0 79 0 0 68 0 0 76 2 0 0 4 0 0 0 0 0 0 0 76 87 0 0 0 92 0 0 0 0 0 27 44 41 66 0 0 90 0 13 0 0 0 0 0 0 0 0 0 0 7 0 0 0 0 0 0 76 0 0 0 0 0 0 0 89 0 0 0 0 57 0 0 0 0 0 0 59 0 0 0 0 0 0 70 0 32 0 27 0 40 50 0 0 88 0 0 0 0 0 0 30 56 0 0 0 0 0 0 53 0 0 0 62 92 0 0 0 81 0 0 44 0 0 0 72 0 85 0 67 0 
42 0 0 33 0 0 26 81 0 85 0 0 0 0 0 90 0 0 0 0 0 18 0 0 0 13 0 0 14 0 0 0 29 31 0 0 0 0 0 0 28 0 0 80 0 0 67 0 0 97 0 36 0 0 56 22 0 0 0 0 0 0 0 0 82 0 0 0 0 0 98 0 0 0 66 0 75 17 0 0 0 0 0 0 78 70 0 36 0 0 0 45 0 19 0 60 0 23 0 78 91 85 0 0 0 0 58 58 49 0 0 0 6 100 0 0 0 0 0 0 0 0 44 28 0 0 0 0 0 0 0 0 0 77 29 70 84 0 0 0 0 0 0 0 7 0 27 0 0 0 0 0 0 28 0 64 0 0 0 0 26 0 36 68 0 0 4 
0 0 0 0 0 0 0 57 0 0 61 0 0 0 0 78 0 0 0 0 0 64 0 12 0 0 0 0 0 0 0 59 39 0 46 64 0 0 0 24 0 0 0 0 0 68 0 0 0 0 0 0 34 85 0 0 0 0 0 0 0 0 49 0 20 0 43 0 0 0 0 0 7 0 0 24 0 0 86 73 68 0 68 0 0 0 65 0 0 26 0 35 0 0 0 34 11 0 22 0 0 0 0 0 88 23 0 10 37 0 0 0 0 99 0 0 0 0 56 0 0 0 25 0 0 0 0 0 0 0 0 0 0 0 0 0 92 0 0 0 4 58 0 53 0 0 15 0 0 0 0 65 0 0 0 0 92 70 0 0 89 64 0 44 45 47 70 
0 0 0 8 85 49 0 27 0 0 74 0 0 51 0 0 0 0 0 0 0 0 83 0 0 61 0 0 0 0 0 4 0 0 0 76 0 0 86 0 0 0 100 0 0 0 0 0 0 0 0 46 0 0 98 0 57 0 0 0 0 0 0 47 33 0 0 85 0 0 0 0 5 0 0 0 0 0 51 0 0 0 9 0 78 0 10 0 0 30 0 0 0 0 56 0 87 28 0 0 0 0 40 0 0 35 0 0 0 0 0 0 80 0 3 0 0 0 18 0 0 0 0 0 0 0 0 0 0 0 0 0 0 0 0 0 0 0 90 0 0 0 15 67 49 76 0 0 0 0 63 38 0 0 0 0 81 0 59 0 55 0 0 0 53 0 45 
0 0 0 100 0 0 0 0 0 0 64 0 37 58 51 0 0 0 0 95 0 91 0 0 11 0 0 0 0 0 0 0 0 0 0 0 0 52 0 67 0 97 0 22 3 0 0 0 0 0 20 0 0 0 27 26 0 75 0 0 0 0 22 0 0 0 28 0 0 0 0 0 0 0 0 0 0 12 0 0 57 0 93 0 0 0 0 0 0 0 0 0 82 0 0 0 0 0 75 81 0 0 0 0 23 0 53 0 0 0 0 0 0 0 0 0 0 0 0 14 0 23 0 29 0 90 0 0 28 44 0 0 0 36 16 0 0 84 0 0 0 88 0 0 0 0 0 0 0 0 48 4 44 0 0 0 60 0 0 0 0 0 8 80 0 60 75 
7 33 0 0 0 98 0 0 0 0 0 0 35 0 0 0 10 0 0 0 20 0 0 0 5 19 0 0 0 0 0 0 0 0 0 0 0 0 0 0 0 0 0 0 78 11 56 0 0 0 0 0 0 81 0 0 0 0 32 0 61 90 53 0 0 42 37 90 0 0 0 0 75 23 0 93 0 0 0 0 65 0 0 0 89 0 0 0 0 69 0 0 0 0 0 0 0 0 11 0 0 0 0 0 83 0 52 0 0 0 0 0 10 0 0 31 0 19 0 0 49 11 0 0 0 0 0 0 46 0 0 64 0 0 0 0 0 47 0 0 0 0 0 43 5 0 0 0 0 98 38 0 0 39 56 0 0 0 0 35 34 0 1 2 6 0 13 
0 0 0 46 0 0 0 0 0 43 5 0 0 0 0 35 0 68 97 0 0 0 0 0 0 0 0 0 0 0 0 0 0 0 73 16 0 10 48 18 0 0 0 0 0 0 0 0 92 0 0 0 0 0 0 0 18 95 0 0 0 48 0 64 0 0 38 0 0 0 0 76 37 0 0 70 0 0 0 89 32 0 89 0 0 0 0 0 72 0 0 83 38 14 0 0 0 0 0 0 0 33 0 0 0 0 0 0 48 69 48 0 0 0 9 0 0 0 0 57 0 0 0 0 0 0 0 0 0 0 34 0 21 71 0 0 87 0 0 0 0 76 0 0 0 0 0 0 37 0 0 0 0 0 0 0 49 0 0 0 0 0 0 44 0 0 0 
0 0 0 50 0 0 0 0 15 0 0 83 0 12 81 0 0 12 0 0 0 0 0 0 0 0 0 0 0 0 0 26 0 0 4 0 0 27 38 0 0 0 0 0 0 0 0 99 65 76 72 0 0 0 0 0 0 0 0 0 41 0 0 0 0 0 0 0 0 0 0 0 0 0 30 0 0 80 0 0 0 0 0 0 0 71 0 0 0 0 0 0 0 0 0 0 31 0 0 0 0 18 0 0 19 0 0 0 0 0 0 0 50 0 0 0 45 0 0 0 0 0 0 0 0 85 24 0 0 0 0 0 0 0 0 52 0 97 0 0 0 0 0 0 0 41 0 0 51 0 0 48 0 0 26 0 0 0 0 0 0 0 0 0 59 0 0 
0 6 95 35 0 0 0 0 0 0 81 0 0 0 94 0 76 0 89 23 0 84 0 0 71 0 0 0 0 28 0 0 0 0 0 0 56 0 0 7 0 0 0 0 0 0 0 2 0 63 34 10 10 0 71 0 0 73 0 0 0 0 0 0 0 27 0 0 33 0 0 0 92 0 0 0 0 0 62 0 0 0 0 0 0 0 0 0 0 83 0 0 27 0 0 0 87 0 0 0 53 37 0 35 0 0 0 0 0 0 0 0 0 0 0 0 92 59 0 18 0 0 0 0 0 0 0 82 0 0 0 0 0 36 53 14 0 0 0 0 0 20 0 0 0 0 0 0 0 31 0 64 0 39 0 92 0 80 0 0 53 0 77 0 0 23 19 
0 81 0 0 12 10 95 0 0 0 0 0 81 0 85 45 0 0 0 74 0 0 0 0 0 32 32 90 0 80 38 0 0 90 26 0 0 0 0 36 0 92 0 0 0 0 0 0 0 0 34 0 0 0 0 45 51 21 0 0 0 0 0 0 42 0 0 0 0 0 0 0 0 74 60 0 61 0 0 0 66 0 0 0 0 68 88 0 0 4 0 0 0 0 0 67 0 52 0 0 78 0 11 0 0 56 78 0 0 0 0 43 0 0 0 0 0 6 100 3 0 25 0 0 0 0 29 71 0 0 0 0 0 0 0 0 0 0 0 0 0 0 0 96 0 0 0 0 98 10 0 25 0 0 0 0 0 37 0 100 0 69 0 0 0 0 62 
30 35 20 0 0 0 8 0 0 0 0 0 0 0 0 0 0 0 0 0 0 0 0 0 0 0 68 0 45 0 64 0 0 0 0 0 77 0 0 0 56 61 0 0 0 0 30 0 0 0 0 11 0 0 0 25 21 0 34 0 80 0 0 92 79 59 0 29 0 0 0 0 0 0 0 0 0 0 0 31 0 0 0 29 0 0 0 21 0 12 76 0 0 0 0 27 0 0 0 0 0 0 8 0 0 0 0 0 99 0 0 80 95 36 0 65 0 86 0 0 71 0 10 0 0 0 0 0 42 0 0 0 0 99 0 17 21 1 8 8 39 0 36 0 0 74 0 0 92 0 0 0 61 23 0 0 45 0 0 0 0 0 0 0 0 0 0 
